2, 19, 0, 0, 205, 404, 0.999319, -0.031332, 0.0195118, -0.0589532, 0.0312237, 0.999495, 0.00583326, -0.00562005, -0.0196848, -0.00522005, 0.999793, 0.000735384, 1356.47, 1218.32, 770.145, 377.409
4, 30, 0, 0, 179, 492, 0.999959, -0.0090175, 0.000277542, -0.0997163, 0.00901595, 0.999946, 0.00515559, -0.00663459, -0.000324018, -0.00515288, 0.999987, -0.0143143, 1356.47, 1218.32, 770.145, 377.409
1, 13, 0, 0, 407, 250, 0.999678, -0.0219769, 0.0126602, -0.0342285, 0.0219587, 0.999758, 0.00157537, -0.00315229, -0.0126917, -0.00129686, 0.999919, 0.00500464, 1356.47, 1218.32, 770.145, 377.409
6, 46, 0, 0, 257, 587, 0.99985, -0.0171962, -0.00211874, -0.138801, 0.0172744, 0.998827, 0.045241, -0.0102459, 0.00133829, -0.0452708, 0.998974, -0.041568, 1356.47, 1218.32, 770.145, 377.409
7, 56, 0, 0, 182, 458, 0.999924, -0.000231384, -0.0123657, -0.161952, 0.000644201, 0.999442, 0.0333906, -0.0151238, 0.012351, -0.033396, 0.999366, -0.0488512, 1356.47, 1218.32, 770.145, 377.409
9, 66, 0, 0, 150, 589, 0.999613, 0.00124953, 0.0278042, -0.206707, -0.00215594, 0.999466, 0.0325936, -0.0177571, -0.0277486, -0.0326409, 0.999082, -0.0399266, 1356.47, 1218.32, 770.145, 377.409
5, 38, 0, 0, 468, 513, 0.999925, -0.00824441, 0.00911047, -0.121077, 0.00806835, 0.999783, 0.0191949, -0.00765607, -0.00926674, -0.0191199, 0.999774, -0.0248221, 1356.47, 1218.32, 770.145, 377.409
10, 70, 0, 0, 245, 575, 0.999237, -0.00304165, 0.0389269, -0.229157, 0.00148174, 0.999197, 0.040039, -0.0181631, -0.0390174, -0.0399508, 0.99844, -0.0371015, 1356.47, 1218.32, 770.145, 377.409
12, 79, 0, 0, 176, 557, 0.998316, -0.0246568, 0.0525091, -0.274287, 0.0223452, 0.998774, 0.0441624, -0.0248202, -0.0535336, -0.0429147, 0.997643, -0.0353716, 1356.47, 1218.32, 770.145, 377.409
11, 74, 0, 0, 284, 516, 0.998907, -0.0142053, 0.0445402, -0.250939, 0.012323, 0.999031, 0.0422533, -0.0212386, -0.0450973, -0.0416582, 0.998114, -0.0360984, 1356.47, 1218.32, 770.145, 377.409
14, 91, 0, 0, 276, 609, 0.997167, -0.0181739, 0.072986, -0.316512, 0.0150598, 0.998962, 0.0429933, -0.0265847, -0.0736916, -0.0417723, 0.996406, -0.0528832, 1356.47, 1218.32, 770.145, 377.409
15, 96, 0, 0, 256, 503, 0.998316, -0.0204235, 0.0542867, -0.339676, 0.0179658, 0.998808, 0.0453816, -0.0312104, -0.0551489, -0.0443299, 0.997494, -0.0644963, 1356.47, 1218.32, 770.145, 377.409
3, 23, 0, 0, 422, 120, 0.999341, -0.032927, 0.0152659, -0.0785991, 0.0328044, 0.999428, 0.00821428, -0.00587158, -0.0155276, -0.00770808, 0.99985, -0.00226821, 1356.47, 1218.32, 770.145, 377.409
16, 101, 0, 0, 377, 367, 0.99903, -0.0156905, 0.0411403, -0.359454, 0.0133625, 0.998327, 0.056263, -0.0327284, -0.0419543, -0.0556587, 0.997568, -0.0764408, 1356.47, 1218.32, 770.145, 377.409
18, 114, 0, 0, 354, 453, 0.999288, -0.02, 0.0319797, -0.409715, 0.0180934, 0.998104, 0.0588342, -0.0419187, -0.0330958, -0.0582137, 0.997755, -0.0757932, 1356.47, 1218.32, 770.145, 377.409
19, 124, 0, 0, 333, 451, 0.999515, -0.0106865, 0.0292465, -0.435419, 0.0088797, 0.998084, 0.0612264, -0.0468449, -0.0298447, -0.060937, 0.997695, -0.0735558, 1356.47, 1218.32, 770.145, 377.409
20, 130, 0, 0, 323, 291, 0.999615, -0.0110046, 0.0254671, -0.459033, 0.00918119, 0.99746, 0.0706384, -0.0515126, -0.0261798, -0.0703774, 0.997177, -0.0747304, 1356.47, 1218.32, 770.145, 377.409
21, 136, 0, 0, 334, 285, 0.99952, -0.0136911, 0.0277762, -0.485718, 0.0115448, 0.99704, 0.0760138, -0.055609, -0.0287347, -0.0756567, 0.99672, -0.0820018, 1356.47, 1218.32, 770.146, 377.409
22, 152, 0, 0, 468, 178, 0.999943, 0.0103146, -0.00274888, -0.500795, -0.0100184, 0.995718, 0.0918958, -0.0577539, 0.00368498, -0.0918631, 0.995765, -0.079604, 1356.47, 1218.32, 770.146, 377.409
13, 84, 0, 0, 564, 37, 0.997272, -0.0250085, 0.0694493, -0.298017, 0.021413, 0.998415, 0.0520421, -0.0249908, -0.0706407, -0.050413, 0.996227, -0.0392158, 1356.47, 1218.32, 770.146, 377.409
24, 161, 0, 0, 535, 220, 0.999862, -0.00474737, -0.0159168, -0.556939, 0.00625218, 0.995374, 0.0958675, -0.0661831, 0.015388, -0.0959538, 0.995267, -0.0664059, 1356.47, 1218.32, 770.146, 377.409
25, 167, 0, 0, 598, 260, 0.99978, -0.0141278, -0.0155201, -0.585244, 0.0155782, 0.995094, 0.0976989, -0.0682051, 0.0140637, -0.0979192, 0.995095, -0.0692519, 1356.47, 1218.32, 770.146, 377.409
26, 184, 0, 0, 356, 129, 0.998768, 0.0111359, -0.0483583, -0.602363, -0.00623097, 0.994926, 0.100418, -0.0682243, 0.0492311, -0.0999933, 0.993769, -0.0773817, 1356.47, 1218.32, 770.146, 377.409
28, 204, 0, 0, 178, 62, 0.999078, 0.00589978, -0.0425334, -0.63762, 0.000929407, 0.987313, 0.158781, -0.0604028, 0.0429305, -0.158674, 0.986397, -0.0961286, 1356.47, 1218.32, 770.146, 377.409
0, 0, 0, 0, 1615, 0, 1, 1.12982e-05, 0.000395844, 0.000159576, -1.12608e-05, 1, -9.46021e-05, 0.000123929, -0.000395845, 9.45977e-05, 1, -7.44187e-07, 1356.47, 1218.32, 770.146, 377.409
8, 61, 0, 0, 594, 0, 0.999965, 0.00211721, 0.00815485, -0.182328, -0.00235947, 0.999553, 0.0298129, -0.0166998, -0.00808808, -0.029831, 0.999522, -0.0446053, 1356.47, 1218.32, 770.145, 377.409
17, 108, 0, 0, 607, 0, 0.999409, -0.00406503, 0.0341222, -0.388792, 0.00187413, 0.997948, 0.0639956, -0.0420523, -0.0343124, -0.0638938, 0.997367, -0.082223, 1356.47, 1218.32, 770.146, 377.409
23, 156, 0, 0, 617, 0, 0.999853, 0.00363193, -0.016776, -0.525648, -0.00199977, 0.99535, 0.0963016, -0.0658006, 0.0170478, -0.0962539, 0.995211, -0.0709477, 1356.47, 1218.32, 770.146, 377.409
30, 233, 0, 0, 230, 0, 0.99823, 0.000820603, -0.0594583, -0.634066, 0.0159006, 0.959811, 0.280197, -0.0479838, 0.0572987, -0.280647, 0.958099, -0.102257, 1356.47, 1218.32, 770.146, 377.408
32, 259, 0, 0, 615, 0, 0.999975, 0.00560227, 0.00439989, -0.632328, -0.006826, 0.930221, 0.366937, -0.0297371, -0.00203719, -0.366958, 0.930235, -0.102443, 1356.47, 1218.32, 770.146, 377.408
31, 249, 0, 0, 452, 0, 0.998931, -0.00122685, -0.0462002, -0.631836, 0.0165288, 0.943015, 0.33234, -0.0382083, 0.0431598, -0.332748, 0.942028, -0.10386, 1356.47, 1218.32, 770.147, 377.409
33, 270, 0, 0, 404, 2, 0.999884, -0.00588522, 0.0140708, -0.631522, -0.000482022, 0.9099, 0.414827, -0.0201136, -0.0152443, -0.414785, 0.909792, -0.094557, 1356.47, 1218.32, 770.146, 377.409
29, 220, 0, 0, 271, 0, 0.998209, 0.00413442, -0.0596864, -0.633241, 0.00937461, 0.974479, 0.224284, -0.0559897, 0.0590904, -0.224442, 0.972694, -0.103847, 1356.47, 1218.32, 770.145, 377.409
35, 299, 0, 0, 659, 1, 0.999588, -0.0169933, -0.02314, -0.637795, 0.0242427, 0.931378, 0.363245, 0.0246656, 0.0153794, -0.363656, 0.931406, -0.125271, 1356.47, 1218.32, 770.145, 377.409
27, 189, 0, 0, 269, 0, 0.998613, 0.0130404, -0.0510037, -0.622385, -0.00683923, 0.99276, 0.119919, -0.071325, 0.0521982, -0.119404, 0.991473, -0.0805067, 1356.47, 1218.32, 770.146, 377.409
38, 338, 0, 0, 371, 247, 0.99899, 0.00612642, -0.044507, -0.604959, 0.0117945, 0.920148, 0.391393, 0.123651, 0.0433509, -0.391523, 0.919146, -0.106748, 1356.47, 1218.32, 770.146, 377.409
39, 344, 0, 0, 269, 293, 0.999017, 0.00201397, -0.0442828, -0.57599, 0.0157111, 0.918032, 0.396194, 0.123098, 0.041451, -0.3965, 0.917098, -0.104306, 1356.47, 1218.32, 770.146, 377.409
36, 309, 0, 0, 778, 10, 0.999137, -0.0177578, -0.0375587, -0.641328, 0.0309192, 0.921668, 0.386746, 0.0660386, 0.0277488, -0.387573, 0.921421, -0.12456, 1356.47, 1218.32, 770.145, 377.409
41, 363, 0, 0, 284, 183, 0.999238, -0.0216869, -0.0324431, -0.536961, 0.0334423, 0.904341, 0.425498, 0.117508, 0.020112, -0.426259, 0.904378, -0.0798301, 1356.47, 1218.32, 770.145, 377.409
43, 372, 0, 0, 290, 209, 0.998619, -0.0163016, -0.049941, -0.479449, 0.0362521, 0.901855, 0.430515, 0.115755, 0.0380215, -0.431731, 0.901201, -0.0779653, 1356.47, 1218.32, 770.145, 377.409
40, 357, 0, 0, 436, 76, 0.999325, -0.0258091, -0.0261534, -0.566434, 0.0344153, 0.906801, 0.420152, 0.116083, 0.0128722, -0.420768, 0.907077, -0.0811172, 1356.47, 1218.32, 770.146, 377.409
44, 376, 0, 0, 450, 63, 0.998781, -0.0147244, -0.0471236, -0.453105, 0.0339193, 0.898208, 0.43826, 0.11483, 0.0358737, -0.439324, 0.897612, -0.073631, 1356.47, 1218.32, 770.145, 377.409
46, 386, 0, 0, 499, 84, 0.998404, -0.0562761, 0.00481239, -0.448733, 0.0476151, 0.884445, 0.464209, 0.133349, -0.0303802, -0.463239, 0.885712, 0.00777896, 1356.47, 1218.32, 770.145, 377.409
42, 368, 0, 0, 383, 18, 0.99863, -0.0241237, -0.0464404, -0.506886, 0.0416285, 0.903956, 0.425595, 0.118977, 0.0317131, -0.426945, 0.903721, -0.0788978, 1356.47, 1218.32, 770.145, 377.409
48, 401, 0, 0, 553, 113, 0.999903, -0.0113283, 0.00806724, -0.451542, 0.00580243, 0.866996, 0.498281, 0.161255, -0.012639, -0.498186, 0.866978, 0.0807824, 1356.47, 1218.32, 770.145, 377.409
49, 406, 0, 0, 452, 91, 0.999967, -0.00640877, 0.00505471, -0.434835, 0.00293184, 0.85997, 0.510337, 0.159947, -0.00761753, -0.510305, 0.85996, 0.100568, 1356.47, 1218.32, 770.145, 377.409
50, 413, 0, 0, 556, 120, 0.999949, -0.00646926, 0.00773252, -0.420005, 0.00145817, 0.851715, 0.524003, 0.159168, -0.00997581, -0.523965, 0.851681, 0.121003, 1356.47, 1218.32, 770.145, 377.409
45, 382, 0, 0, 600, 10, 0.998832, -0.0423852, -0.0231809, -0.441274, 0.0482867, 0.890827, 0.45177, 0.125307, 0.00150183, -0.452362, 0.891833, -0.0309902, 1356.47, 1218.32, 770.145, 377.409
52, 424, 0, 0, 479, 76, 0.999932, -0.011438, -0.00237141, -0.388694, 0.0108532, 0.834631, 0.550703, 0.158548, -0.0043197, -0.550691, 0.834698, 0.159728, 1356.47, 1218.32, 770.145, 377.409
53, 428, 0, 0, 459, 41, 0.999753, -0.0220318, 0.00276391, -0.372565, 0.0168055, 0.832134, 0.55432, 0.160091, -0.0145126, -0.554137, 0.832299, 0.175208, 1356.47, 1218.32, 770.145, 377.409
54, 432, 0, 0, 456, 32, 0.999764, -0.018667, 0.0111568, -0.355566, 0.00934262, 0.831948, 0.554775, 0.162492, -0.0196379, -0.554539, 0.831926, 0.198109, 1356.47, 1218.32, 770.145, 377.409
55, 435, 0, 0, 616, 15, 0.999535, -0.0224809, 0.0206159, -0.334008, 0.00703129, 0.827487, 0.561441, 0.162078, -0.0296811, -0.561035, 0.82726, 0.210163, 1356.47, 1218.32, 770.145, 377.409
56, 438, 0, 0, 380, 4, 0.998913, -0.0367125, 0.028713, -0.31792, 0.013752, 0.8208, 0.57105, 0.159258, -0.0445323, -0.570034, 0.820413, 0.216653, 1356.47, 1218.32, 770.145, 377.409
57, 445, 0, 0, 316, 0, 0.999379, -0.0294499, 0.0193368, -0.300498, 0.0128377, 0.815533, 0.578568, 0.15634, -0.0328086, -0.577961, 0.815405, 0.218024, 1356.47, 1218.32, 770.145, 377.409
58, 449, 0, 0, 400, 0, 0.999689, -0.0217465, 0.0122366, -0.27923, 0.0107328, 0.817448, 0.575903, 0.154273, -0.0225266, -0.575592, 0.817427, 0.217026, 1356.47, 1218.32, 770.145, 377.409
59, 453, 0, 0, 417, 0, 0.999664, -0.0248225, 0.00740456, -0.26083, 0.0161296, 0.820175, 0.571885, 0.151903, -0.0202687, -0.571574, 0.8203, 0.213601, 1356.47, 1218.32, 770.145, 377.409
60, 457, 0, 0, 616, 0, 0.999783, -0.0206827, 0.00248819, -0.241561, 0.015589, 0.822037, 0.569221, 0.151274, -0.0138184, -0.569059, 0.822181, 0.208608, 1356.47, 1218.32, 770.145, 377.409
61, 462, 0, 0, 738, 0, 0.999914, -0.0122337, -0.00472327, -0.222516, 0.0127479, 0.822285, 0.568933, 0.148991, -0.00307629, -0.568944, 0.822371, 0.200804, 1356.47, 1218.32, 770.145, 377.409
62, 468, 0, 0, 481, 0, 0.999904, -0.00810237, -0.0112472, -0.203924, 0.0130664, 0.821815, 0.569605, 0.147528, 0.00462796, -0.569697, 0.821842, 0.19378, 1356.47, 1218.32, 770.145, 377.409
63, 483, 0, 0, 309, 0, 0.999837, -0.00385902, -0.0176281, -0.223776, 0.013236, 0.820817, 0.571037, 0.142021, 0.0122658, -0.571178, 0.820735, 0.19569, 1356.47, 1218.32, 770.145, 377.409
64, 487, 0, 0, 404, 0, 0.999909, -0.00653707, -0.0118221, -0.243609, 0.0121196, 0.820667, 0.571278, 0.14312, 0.00596752, -0.571369, 0.820671, 0.200461, 1356.47, 1218.32, 770.145, 377.409
65, 490, 0, 0, 407, 0, 0.999898, -0.0131531, -0.00563597, -0.265043, 0.0140103, 0.819706, 0.572614, 0.143587, -0.0029118, -0.572634, 0.819806, 0.20941, 1356.47, 1218.32, 770.145, 377.409
66, 493, 0, 0, 589, 0, 0.999744, -0.0222299, 0.00415532, -0.290351, 0.0158114, 0.818448, 0.574363, 0.143769, -0.016169, -0.574151, 0.81859, 0.220388, 1356.47, 1218.32, 770.145, 377.409
67, 496, 0, 0, 598, 0, 0.999549, -0.0246733, 0.0171255, -0.311137, 0.0103623, 0.818492, 0.574424, 0.143418, -0.02819, -0.573988, 0.818379, 0.226403, 1356.47, 1218.32, 770.145, 377.409
68, 502, 0, 0, 725, 0, 0.999671, -0.0173019, 0.0189162, -0.325397, 0.00371394, 0.827853, 0.560933, 0.136395, -0.025365, -0.560679, 0.827645, 0.209492, 1356.47, 1218.32, 770.145, 377.408
69, 507, 0, 0, 802, 0, 0.9997, -0.0241866, 0.0037688, -0.332248, 0.0181022, 0.834117, 0.551291, 0.131648, -0.0164775, -0.551057, 0.834305, 0.173584, 1356.47, 1218.32, 770.145, 377.409
70, 513, 0, 0, 274, 0, 0.998901, -0.0468564, 0.00105524, -0.348592, 0.0389349, 0.84214, 0.537851, 0.12452, -0.0260904, -0.537219, 0.843039, 0.147187, 1356.47, 1218.32, 770.145, 377.409
71, 516, 0, 0, 396, 0, 0.997728, -0.0643968, 0.0197785, -0.369779, 0.0441707, 0.847041, 0.529688, 0.118998, -0.0508635, -0.527611, 0.847962, 0.142288, 1356.47, 1218.32, 770.145, 377.408
72, 518, 0, 0, 611, 0, 0.996888, -0.0698548, 0.036535, -0.387928, 0.0403922, 0.850614, 0.524238, 0.115361, -0.0676977, -0.52113, 0.850788, 0.137615, 1356.47, 1218.32, 770.145, 377.409
73, 521, 0, 0, 746, 0, 0.996489, -0.0619938, 0.0562797, -0.414406, 0.0237984, 0.854145, 0.519491, 0.111375, -0.0802762, -0.516327, 0.852621, 0.129031, 1356.47, 1218.32, 770.145, 377.409
74, 525, 0, 0, 650, 0, 0.9975, -0.0343489, 0.0617552, -0.438638, -0.00261246, 0.855392, 0.517975, 0.108897, -0.0706168, -0.516842, 0.853164, 0.112732, 1356.47, 1218.32, 770.145, 377.409
75, 530, 0, 0, 799, 0, 0.998682, -0.00897316, 0.0505251, -0.45294, -0.017963, 0.861169, 0.508001, 0.101382, -0.048069, -0.508239, 0.859874, 0.0860879, 1356.47, 1218.32, 770.145, 377.409
76, 536, 0, 0, 226, 0, 0.997572, -0.00325727, 0.0695603, -0.472822, -0.031074, 0.873116, 0.486521, 0.0942243, -0.0623189, -0.487502, 0.870895, 0.0631422, 1356.47, 1218.32, 770.145, 377.409
77, 540, 0, 0, 385, 0, 0.996412, -0.0156232, 0.0831842, -0.501666, -0.025851, 0.879677, 0.474869, 0.0881375, -0.0805941, -0.475316, 0.876116, 0.061502, 1356.47, 1218.32, 770.145, 377.409
78, 543, 0, 0, 681, 0, 0.996061, -0.0260585, 0.0847601, -0.530518, -0.0168013, 0.883074, 0.468932, 0.083385, -0.0870691, -0.468509, 0.879158, 0.0562344, 1356.47, 1218.32, 770.145, 377.409
79, 546, 0, 0, 734, 0, 0.99568, -0.0369184, 0.0852, -0.557235, -0.00718458, 0.884181, 0.46709, 0.0780611, -0.0925764, -0.465684, 0.880095, 0.0478174, 1356.47, 1218.32, 770.145, 377.409
80, 550, 0, 0, 818, 0, 0.99517, -0.0393236, 0.0899517, -0.584879, -0.00754239, 0.882937, 0.469432, 0.0769619, -0.0978814, -0.467843, 0.878375, 0.0316282, 1356.47, 1218.32, 770.145, 377.409
81, 559, 0, 0, 641, 0, 0.997262, -0.00247357, 0.073903, -0.599714, -0.0324981, 0.883081, 0.468094, 0.0664389, -0.0664202, -0.469214, 0.880583, -0.00520962, 1356.47, 1218.32, 770.145, 377.409
82, 565, 0, 0, 325, 0, 0.999056, 0.00146248, 0.043412, -0.623111, -0.0215054, 0.884998, 0.465098, 0.0602651, -0.0377393, -0.465592, 0.884194, -0.017776, 1356.47, 1218.32, 770.145, 377.409
83, 568, 0, 0, 419, 0, 0.999647, -0.00417049, 0.0262293, -0.649475, -0.0085639, 0.884227, 0.46698, 0.0560452, -0.0251402, -0.467039, 0.883879, -0.0221891, 1356.47, 1218.32, 770.145, 377.409
84, 571, 0, 0, 380, 0, 0.999751, -0.0110742, 0.0193736, -0.681346, 0.00068452, 0.882985, 0.469402, 0.0524773, -0.0223048, -0.469271, 0.882772, -0.0263113, 1356.47, 1218.32, 770.145, 377.409
85, 575, 0, 0, 344, 0, 0.999505, -0.0159247, 0.0271419, -0.713524, 0.00130089, 0.882677, 0.469979, 0.0537003, -0.0314418, -0.469711, 0.88226, -0.0307674, 1356.47, 1218.32, 770.145, 377.408
86, 581, 0, 0, 477, 0, 0.999237, 0.00291454, 0.0389399, -0.73837, -0.0207557, 0.884318, 0.466424, 0.050108, -0.0330758, -0.466877, 0.883704, -0.035795, 1356.47, 1218.32, 770.145, 377.408
87, 594, 0, 0, 293, 0, 0.999968, 0.00411765, 0.00692079, -0.76743, -0.00686576, 0.885055, 0.465436, 0.043282, -0.00420878, -0.465469, 0.885054, -0.0454399, 1356.47, 1218.32, 770.145, 377.409
88, 597, 0, 0, 432, 0, 0.999993, -0.00307601, 0.00205907, -0.799427, 0.00181326, 0.892029, 0.451974, 0.0431049, -0.00322703, -0.451967, 0.892029, -0.0473752, 1356.47, 1218.32, 770.145, 377.408
47, 390, 0, 0, 541, 0, 0.998089, -0.0527761, 0.0321558, -0.456636, 0.0310264, 0.877901, 0.477835, 0.134289, -0.0534479, -0.475924, 0.877861, 0.0390568, 1356.47, 1218.32, 770.145, 377.408
37, 320, 0, 0, 733, 0, 0.999128, -0.012081, -0.0399618, -0.633587, 0.026646, 0.921422, 0.387648, 0.109934, 0.0321385, -0.388375, 0.920941, -0.111905, 1356.47, 1218.32, 770.145, 377.408
34, 290, 0, 0, 662, 0, 0.999638, -0.0180581, -0.0199363, -0.633058, 0.0244168, 0.920129, 0.390853, 0.00282651, 0.0112859, -0.391198, 0.920237, -0.107008, 1356.47, 1218.32, 770.146, 377.409
90, 604, 0, 0, 483, 0, 0.999724, -0.0158225, 0.017371, -0.853131, 0.00733959, 0.912582, 0.408827, 0.0397911, -0.0223212, -0.408587, 0.912447, -0.0616431, 1356.47, 1218.32, 770.145, 377.409
91, 612, 0, 0, 510, 0, 0.999976, -0.00684439, 0.000766401, -0.864347, 0.00596063, 0.915821, 0.401542, 0.0310315, -0.0034502, -0.401528, 0.91584, -0.081545, 1356.47, 1218.32, 770.145, 377.409
93, 623, 0, 0, 406, 0, 0.999827, -0.00480481, -0.0179683, -0.917114, 0.0113644, 0.922571, 0.385661, 0.0233149, 0.014724, -0.385798, 0.922466, -0.113384, 1356.47, 1218.32, 770.145, 377.409
94, 628, 0, 0, 413, 0, 0.999787, -0.0206051, 0.000768338, -0.948584, 0.0186848, 0.921112, 0.388849, 0.0168352, -0.00872, -0.388752, 0.921301, -0.129881, 1356.47, 1218.32, 770.145, 377.409
51, 419, 0, 0, 616, 0, 0.999989, -0.00418617, 0.00196266, -0.407569, 0.00247212, 0.842846, 0.538149, 0.158777, -0.003907, -0.538138, 0.842848, 0.143628, 1356.47, 1218.32, 770.145, 377.408
96, 643, 0, 0, 373, 0, 0.999699, -0.0150516, 0.0193714, -0.993227, 0.00728186, 0.93613, 0.351578, 0.00696048, -0.023426, -0.351331, 0.935958, -0.141193, 1356.47, 1218.32, 770.146, 377.408
97, 646, 0, 0, 332, 0, 0.999846, -0.0146887, 0.00956746, -1.0231, 0.0103633, 0.935486, 0.353211, 0.00388551, -0.0141384, -0.353057, 0.935495, -0.143477, 1356.47, 1218.32, 770.145, 377.408
99, 655, 0, 0, 352, 0, 0.999763, -0.0164641, -0.0142155, -1.09169, 0.0205113, 0.931118, 0.36414, 0.00131003, 0.00724105, -0.364346, 0.931236, -0.156099, 1356.47, 1218.32, 770.145, 377.408
98, 650, 0, 0, 347, 0, 0.999873, -0.0157192, -0.00257097, -1.05638, 0.0156, 0.93384, 0.357352, 0.00152824, -0.00321642, -0.357346, 0.933966, -0.150785, 1356.47, 1218.32, 770.145, 377.408
92, 619, 0, 0, 370, 0, 0.999974, 0.00250214, -0.00675671, -0.884699, 0.000219899, 0.926729, 0.37573, 0.0276627, 0.00720176, -0.375722, 0.926705, -0.0976411, 1356.47, 1218.32, 770.145, 377.408
101, 672, 0, 0, 498, 0, 0.996116, -0.00396633, -0.0879666, -1.13117, 0.0367826, 0.926397, 0.374748, -0.00887082, 0.0800055, -0.376528, 0.922944, -0.150054, 1356.47, 1218.32, 770.145, 377.408
102, 676, 0, 0, 383, 0, 0.995877, -0.0134876, -0.0897051, -1.1744, 0.0463943, 0.925497, 0.375902, -0.0110521, 0.0779518, -0.378514, 0.922307, -0.152041, 1356.47, 1218.32, 770.145, 377.408
104, 694, 0, 0, 419, 0, 0.994347, 0.00156934, -0.106171, -1.23012, 0.0363915, 0.934296, 0.354636, -0.0237168, 0.0997516, -0.356495, 0.928957, -0.185397, 1356.47, 1218.32, 770.145, 377.408
105, 701, 0, 0, 217, 0, 0.993605, -0.00258035, -0.112878, -1.25571, 0.0384472, 0.947725, 0.316765, -0.0325639, 0.10616, -0.319079, 0.941764, -0.192804, 1356.47, 1218.32, 770.145, 377.408
89, 600, 0, 0, 282, 0, 0.999915, -0.0114239, 0.00630152, -0.827052, 0.00753515, 0.899975, 0.435877, 0.0439159, -0.0106506, -0.435792, 0.899984, -0.0516674, 1356.47, 1218.32, 770.145, 377.408
107, 718, 0, 0, 410, 0, 0.990489, -0.00838881, -0.137338, -1.25008, 0.0349394, 0.980757, 0.192079, -0.0622065, 0.133084, -0.19505, 0.971722, -0.198794, 1356.47, 1218.32, 770.144, 377.408
106, 706, 0, 0, 449, 0, 0.992246, -0.00833438, -0.124012, -1.25161, 0.0400395, 0.965995, 0.255442, -0.0468248, 0.117666, -0.258427, 0.958838, -0.195384, 1356.47, 1218.32, 770.144, 377.408
109, 752, 0, 0, 599, 2, 0.98869, -0.0117999, -0.149509, -1.28393, 0.0379852, 0.984097, 0.173523, -0.0534596, 0.145084, -0.17724, 0.973415, -0.191857, 1356.47, 1218.32, 770.145, 377.408
110, 762, 0, 0, 496, 4, 0.992801, -0.013369, -0.119025, -1.30565, 0.0401241, 0.973454, 0.225339, -0.0419049, 0.112853, -0.228493, 0.966983, -0.17969, 1356.47, 1218.32, 770.145, 377.408
103, 680, 0, 0, 441, 0, 0.996033, -0.020583, -0.086566, -1.20949, 0.0520154, 0.924022, 0.378785, -0.01173, 0.0721923, -0.381786, 0.921427, -0.153614, 1356.47, 1218.32, 770.145, 377.408
111, 768, 0, 0, 621, 4, 0.991277, -0.010311, -0.131392, -1.30809, 0.0460681, 0.961157, 0.272131, -0.0260433, 0.123482, -0.27581, 0.953248, -0.137739, 1356.47, 1218.32, 770.145, 377.408
112, 774, 0, 0, 461, 0, 0.985856, -0.00514861, -0.167515, -1.30609, 0.0572053, 0.949837, 0.307471, -0.0114594, 0.157529, -0.312704, 0.936697, -0.0794439, 1356.47, 1218.32, 770.145, 377.408
100, 667, 0, 0, 409, 0, 0.997406, 0.0072898, -0.0716158, -1.09561, 0.0202132, 0.926473, 0.375819, -0.00556664, 0.0690897, -0.376292, 0.923922, -0.152887, 1356.47, 1218.32, 770.146, 377.408
114, 789, 0, 0, 532, 0, 0.987173, -0.0113342, -0.159251, -1.33798, 0.065655, 0.93805, 0.340222, 0.00819512, 0.145529, -0.346314, 0.926762, 0.0937571, 1356.47, 1218.32, 770.145, 377.408
115, 796, 0, 0, 417, 0, 0.984503, -0.00188369, -0.175356, -1.36198, 0.0674846, 0.927007, 0.368923, 0.0301312, 0.161861, -0.37504, 0.912769, 0.165928, 1356.47, 1218.32, 770.145, 377.408
117, 808, 0, 0, 535, 0, 0.986293, 0.0322691, -0.161816, -1.41716, 0.0303382, 0.928505, 0.370078, 0.0586985, 0.162189, -0.369914, 0.9148, 0.321935, 1356.47, 1218.32, 770.145, 377.408
95, 635, 0, 0, 284, 0, 0.998845, -0.0225374, 0.0424238, -0.962872, 0.0056728, 0.932276, 0.361704, 0.00606243, -0.0477026, -0.361045, 0.931327, -0.146263, 1356.47, 1218.32, 770.145, 377.408
119, 815, 0, 0, 537, 0, 0.994897, 0.0121902, -0.100161, -1.48123, 0.029715, 0.913253, 0.406308, 0.0527467, 0.096425, -0.407211, 0.90823, 0.380238, 1356.47, 1218.32, 770.145, 377.408
120, 818, 0, 0, 379, 2, 0.996986, -0.00188164, -0.0775556, -1.51853, 0.0337901, 0.910428, 0.412286, 0.0490959, 0.069833, -0.413664, 0.907747, 0.394599, 1356.47, 1218.32, 770.145, 377.408
121, 821, 0, 0, 724, 13, 0.996834, -0.00212186, -0.0794768, -1.55504, 0.0348725, 0.910022, 0.413091, 0.0427575, 0.0714491, -0.414555, 0.907215, 0.396251, 1356.47, 1218.32, 770.145, 377.408
122, 824, 0, 0, 580, 37, 0.995705, -0.00157441, -0.0925683, -1.58576, 0.0395247, 0.911389, 0.409644, 0.0411392, 0.0837208, -0.411543, 0.907537, 0.409143, 1356.47, 1218.32, 770.145, 377.408
123, 827, 0, 0, 656, 66, 0.994489, -0.00906496, -0.104446, -1.61721, 0.0503579, 0.915102, 0.400064, 0.042847, 0.0919519, -0.403119, 0.910516, 0.425994, 1356.47, 1218.32, 770.145, 377.408
124, 830, 0, 0, 700, 76, 0.994254, -0.00997209, -0.106577, -1.65238, 0.0508498, 0.920136, 0.388284, 0.044959, 0.094193, -0.391472, 0.915356, 0.4447, 1356.47, 1218.32, 770.145, 377.408
125, 833, 0, 0, 477, 40, 0.995415, -0.000588763, -0.0956453, -1.68373, 0.0372332, 0.923489, 0.381815, 0.0424609, 0.0881026, -0.383625, 0.919277, 0.461271, 1356.47, 1218.32, 770.145, 377.408
126, 836, 0, 0, 516, 25, 0.997921, 0.0012205, -0.0644355, -1.70888, 0.0235808, 0.923575, 0.382692, 0.0442148, 0.0599781, -0.383416, 0.921626, 0.47685, 1356.47, 1218.32, 770.145, 377.408
116, 802, 0, 0, 530, 0, 0.984567, 0.00985602, -0.174733, -1.38667, 0.0564194, 0.927234, 0.370207, 0.0347906, 0.165667, -0.374352, 0.912368, 0.249447, 1356.47, 1218.32, 770.145, 377.408
128, 840, 0, 0, 682, 56, 0.999472, -0.0323598, 0.00307485, -1.76048, 0.0287286, 0.923633, 0.382199, 0.0486578, -0.0152079, -0.381909, 0.924075, 0.505369, 1356.47, 1218.32, 770.145, 377.408
129, 842, 0, 0, 626, 58, 0.998151, -0.0508889, 0.0332294, -1.7889, 0.0345315, 0.924767, 0.378963, 0.0469356, -0.0500145, -0.377115, 0.924815, 0.52055, 1356.47, 1218.32, 770.145, 377.408
130, 844, 0, 0, 551, 111, 0.996727, -0.060168, 0.0539985, -1.81707, 0.0357585, 0.927135, 0.373018, 0.0462766, -0.0725076, -0.369866, 0.926251, 0.531229, 1356.47, 1218.32, 770.145, 377.408
131, 846, 0, 0, 513, 46, 0.996287, -0.0591135, 0.062585, -1.84204, 0.0323871, 0.93094, 0.363733, 0.0453703, -0.0797644, -0.360356, 0.929398, 0.537055, 1356.47, 1218.32, 770.145, 377.408
132, 849, 0, 0, 534, 4, 0.997161, -0.0458772, 0.0597165, -1.87094, 0.0224464, 0.93803, 0.345826, 0.0404319, -0.0718814, -0.343504, 0.936396, 0.541595, 1356.47, 1218.32, 770.145, 377.408
133, 853, 0, 0, 489, 0, 0.998396, -0.0296335, 0.048252, -1.89309, 0.0134143, 0.951651, 0.306888, 0.0381433, -0.0550132, -0.305748, 0.950522, 0.548269, 1356.47, 1218.32, 770.145, 377.408
134, 858, 0, 0, 665, 0, 0.999088, -0.027409, 0.0327538, -1.90334, 0.0186565, 0.969948, 0.242594, 0.0381357, -0.0384188, -0.241762, 0.969575, 0.572488, 1356.47, 1218.32, 770.145, 377.408
113, 782, 0, 0, 503, 0, 0.986315, -0.00242029, -0.164855, -1.30959, 0.0564416, 0.944434, 0.32382, -0.00520143, 0.154911, -0.328693, 0.931646, -0.00141571, 1356.47, 1218.32, 770.145, 377.408
136, 868, 0, 0, 850, 2, 0.999143, -0.0412577, 0.0034212, -1.89869, 0.0394019, 0.973042, 0.227235, 0.0406131, -0.0127042, -0.226906, 0.973834, 0.66696, 1356.47, 1218.32, 770.145, 377.408
137, 871, 0, 0, 920, 82, 0.999313, -0.03664, 0.00556451, -1.91549, 0.0343051, 0.971348, 0.235172, 0.0388192, -0.0140218, -0.23482, 0.971938, 0.686477, 1356.47, 1218.32, 770.145, 377.408
138, 874, 0, 0, 730, 115, 0.999133, -0.0400691, 0.011334, -1.9323, 0.0363105, 0.971578, 0.23392, 0.0351743, -0.0203848, -0.233306, 0.97219, 0.718685, 1356.47, 1218.32, 770.145, 377.408
108, 725, 0, 0, 402, 0, 0.989408, -0.0118578, -0.144677, -1.26423, 0.0304858, 0.991405, 0.127229, -0.0724123, 0.141925, -0.130291, 0.981265, -0.197259, 1356.47, 1218.32, 770.145, 377.408
140, 881, 0, 0, 854, 105, 0.99729, -0.0520215, 0.0520317, -1.96821, 0.0395013, 0.975179, 0.217867, 0.0324053, -0.062074, -0.215222, 0.97459, 0.780053, 1356.47, 1218.32, 770.145, 377.408
118, 812, 0, 0, 543, 0, 0.990643, 0.0315366, -0.132782, -1.45012, 0.0236438, 0.918564, 0.394565, 0.0567924, 0.134412, -0.394013, 0.909223, 0.362788, 1356.47, 1218.32, 770.145, 377.408
141, 884, 0, 0, 654, 100, 0.996204, -0.0550171, 0.0674527, -1.97846, 0.0399745, 0.977537, 0.206938, 0.0279822, -0.0773227, -0.203456, 0.976026, 0.794503, 1356.47, 1218.32, 770.145, 377.408
127, 838, 0, 0, 598, 0, 0.999413, -0.0126234, -0.0318428, -1.7364, 0.0238895, 0.923083, 0.383859, 0.0466293, 0.0245479, -0.384394, 0.922843, 0.493164, 1356.47, 1218.32, 770.145, 377.408
143, 895, 0, 0, 489, 77, 0.99708, -0.0425922, 0.0633767, -1.98032, 0.0327291, 0.988259, 0.149243, 0.00611124, -0.0689892, -0.146733, 0.986767, 0.830848, 1356.47, 1218.32, 770.145, 377.408
145, 909, 0, 0, 616, 89, 0.998861, -0.0368082, 0.0303533, -1.9652, 0.0352473, 0.998104, 0.0504487, -0.0124615, -0.0321527, -0.0493214, 0.998265, 0.838512, 1356.47, 1218.32, 770.145, 377.408
146, 915, 0, 0, 178, 10, 0.998871, -0.0323647, 0.0347731, -1.96734, 0.0321436, 0.999459, 0.00689893, -0.0163983, -0.0349776, -0.00577341, 0.999371, 0.84429, 1356.47, 1218.32, 770.145, 377.408
147, 921, 0, 0, 686, 6, 0.998968, -0.0311468, 0.0330606, -1.96709, 0.0321629, 0.999012, -0.0306627, -0.0275431, -0.0320729, 0.0316944, 0.998983, 0.847511, 1356.47, 1218.32, 770.145, 377.408
148, 927, 0, 0, 566, 0, 0.998958, -0.0229079, 0.0394714, -1.96614, 0.0256774, 0.997135, -0.071148, -0.0411843, -0.0377284, 0.0720874, 0.996684, 0.846227, 1356.47, 1218.32, 770.145, 377.408
149, 945, 0, 0, 268, 3, 0.997449, -0.0281935, 0.0655753, -1.96651, 0.0314975, 0.998257, -0.0499101, -0.0287505, -0.0640538, 0.0518483, 0.996599, 0.845272, 1356.47, 1218.32, 770.145, 377.408
150, 951, 0, 0, 89, 0, 0.995309, -0.0284596, 0.0924639, -1.9659, 0.0303367, 0.99936, -0.0189591, -0.0198289, -0.0918651, 0.0216752, 0.995536, 0.842847, 1356.47, 1218.32, 770.145, 377.408
151, 958, 0, 0, 55, 0, 0.98823, -0.0309177, 0.149821, -1.96446, 0.0314707, 0.999504, -0.00132088, -0.0119997, -0.149706, 0.00602029, 0.988712, 0.840208, 1356.47, 1218.32, 770.145, 377.408
152, 964, 0, 0, 71, 0, 0.986872, -0.0284866, 0.15897, -1.96321, 0.026268, 0.999526, 0.01604, -0.00298948, -0.159352, -0.0116536, 0.987153, 0.841192, 1356.47, 1218.32, 770.145, 377.408
153, 974, 0, 0, 208, 0, 0.992028, -0.0299861, 0.122395, -1.9647, 0.0267204, 0.999244, 0.028237, 0.0135112, -0.123149, -0.0247415, 0.99208, 0.846146, 1356.47, 1218.32, 770.145, 377.408
154, 981, 0, 0, 13, 0, 0.991652, -0.0134973, 0.128236, -1.96549, 0.00407676, 0.997291, 0.073443, 0.0255196, -0.12888, -0.0723071, 0.989021, 0.848947, 1356.47, 1218.32, 770.145, 377.408
155, 984, 0, 0, 99, 0, 0.990344, -0.0138285, 0.13794, -1.96519, -0.00317903, 0.992485, 0.122321, 0.042818, -0.138595, -0.121578, 0.982858, 0.852634, 1356.47, 1218.32, 770.145, 377.408
156, 986, 0, 0, 202, 0, 0.990109, -0.0149184, 0.139503, -1.96476, -0.00544047, 0.9895, 0.14443, 0.0494395, -0.140193, -0.143761, 0.979632, 0.853579, 1356.47, 1218.32, 770.145, 377.408
135, 862, 0, 0, 741, 0, 0.999256, -0.0355371, 0.0150108, -1.90176, 0.031575, 0.976974, 0.211009, 0.0378496, -0.0221638, -0.210378, 0.977369, 0.61791, 1356.47, 1218.32, 770.145, 377.408
139, 878, 0, 0, 838, 0, 0.998334, -0.0493211, 0.0299284, -1.95415, 0.0413411, 0.973442, 0.22517, 0.0342836, -0.0402392, -0.223558, 0.97386, 0.760198, 1356.47, 1218.32, 770.145, 377.408
142, 890, 0, 0, 454, 0, 0.995489, -0.0515727, 0.0796347, -1.98289, 0.0368422, 0.983619, 0.176454, 0.0189321, -0.0874304, -0.172724, 0.981082, 0.812797, 1356.47, 1218.32, 770.145, 377.408
144, 900, 0, 0, 514, 0, 0.998584, -0.0353535, 0.0397424, -1.9695, 0.0305125, 0.99273, 0.116429, -0.00395319, -0.0435697, -0.115052, 0.992404, 0.842572, 1356.47, 1218.32, 770.145, 377.408
159, 998, 0, 0, 752, 5, 0.991626, -0.0173088, 0.127976, -1.96119, -0.00478862, 0.985367, 0.170377, 0.11152, -0.129052, -0.169563, 0.977033, 0.856203, 1356.47, 1218.32, 770.145, 377.408
161, 1005, 0, 0, 832, 72, 0.993246, -0.0184659, 0.114546, -1.95612, -0.00727177, 0.975405, 0.2203, 0.140393, -0.115796, -0.219645, 0.968683, 0.880358, 1356.47, 1218.32, 770.145, 377.408
158, 995, 0, 0, 597, 5, 0.99081, -0.0119751, 0.134731, -1.96331, -0.00950107, 0.987451, 0.157637, 0.0883628, -0.134928, -0.157469, 0.978263, 0.85252, 1356.47, 1218.32, 770.145, 377.408
163, 1013, 0, 0, 296, 134, 0.994905, -0.0144737, 0.0997685, -1.9561, -0.0135401, 0.961489, 0.27451, 0.17275, -0.0998994, -0.274462, 0.956395, 0.902512, 1356.47, 1218.32, 770.145, 377.408
164, 1016, 0, 0, 410, 62, 0.995722, -0.0192778, 0.0903681, -1.95643, -0.00791992, 0.95659, 0.291331, 0.187223, -0.0920614, -0.2908, 0.952344, 0.905599, 1356.47, 1218.32, 770.145, 377.408
165, 1019, 0, 0, 364, 14, 0.996381, -0.0226046, 0.0819329, -1.95161, -0.00346167, 0.952393, 0.304855, 0.202227, -0.0849234, -0.304035, 0.948868, 0.904572, 1356.47, 1218.32, 770.145, 377.408
167, 1024, 0, 0, 318, 1, 0.995814, -0.0206506, 0.0890412, -1.94799, -0.00839058, 0.949379, 0.31402, 0.23853, -0.0910185, -0.313453, 0.945232, 0.90842, 1356.47, 1218.32, 770.145, 377.408
160, 1001, 0, 0, 919, 0, 0.992628, -0.0225384, 0.119085, -1.95758, -0.000917271, 0.981132, 0.193337, 0.129369, -0.121196, -0.192021, 0.973878, 0.864919, 1356.47, 1218.32, 770.145, 377.408
169, 1028, 0, 0, 657, 0, 0.99512, -0.0136618, 0.0977246, -1.94397, -0.0165569, 0.95321, 0.301855, 0.275613, -0.097276, -0.302, 0.948332, 0.904593, 1356.47, 1218.32, 770.145, 377.408
170, 1030, 0, 0, 639, 0, 0.995255, -0.0104387, 0.0967344, -1.94616, -0.0182897, 0.956431, 0.291383, 0.289236, -0.0955614, -0.29177, 0.951703, 0.902865, 1356.47, 1218.32, 770.145, 377.408
166, 1022, 0, 0, 327, 0, 0.996126, -0.0223936, 0.0850353, -1.94991, -0.00542344, 0.949543, 0.313589, 0.220754, -0.0877671, -0.312835, 0.945744, 0.908053, 1356.47, 1218.32, 770.145, 377.408
172, 1036, 0, 0, 504, 0, 0.996807, -0.00797764, 0.0794547, -1.94884, -0.0143804, 0.960797, 0.276879, 0.315222, -0.0785487, -0.277138, 0.957614, 0.893413, 1356.47, 1218.32, 770.145, 377.408
173, 1039, 0, 0, 556, 0, 0.997012, -0.0148562, 0.0758002, -1.94526, -0.00773009, 0.957213, 0.28928, 0.328545, -0.0768546, -0.289002, 0.954239, 0.889637, 1356.47, 1218.32, 770.145, 377.408
157, 991, 0, 0, 409, 0, 0.990396, -0.0114893, 0.137784, -1.96359, -0.0101897, 0.987766, 0.15561, 0.062844, -0.137886, -0.155519, 0.978162, 0.854019, 1356.47, 1218.32, 770.145, 377.408
174, 1042, 0, 0, 444, 0, 0.996492, -0.0252951, 0.0797721, -1.94264, -0.00170951, 0.946874, 0.321601, 0.338407, -0.083669, -0.320609, 0.943509, 0.88748, 1356.47, 1218.32, 770.145, 377.408
176, 1061, 0, 0, 287, 0, 0.997704, -0.0268192, 0.0621911, -1.95, 0.00189724, 0.928963, 0.370168, 0.352091, -0.0677009, -0.3692, 0.926881, 0.912145, 1356.47, 1218.32, 770.145, 377.408
177, 1071, 0, 0, 263, 0, 0.99796, -0.02628, 0.0581776, -1.94109, -0.000399713, 0.908744, 0.417354, 0.350679, -0.0638366, -0.416526, 0.90688, 0.911064, 1356.47, 1218.32, 770.145, 377.408
178, 1074, 0, 0, 315, 0, 0.997895, -0.0278013, 0.0585906, -1.92596, 0.000232602, 0.904981, 0.425453, 0.348663, -0.0648515, -0.424543, 0.903082, 0.910633, 1356.47, 1218.32, 770.145, 377.408
179, 1076, 0, 0, 340, 0, 0.99797, -0.0288263, 0.0567908, -1.91278, 0.00176267, 0.903865, 0.427815, 0.344156, -0.0636635, -0.426847, 0.90208, 0.908635, 1356.47, 1218.32, 770.145, 377.408
171, 1033, 0, 0, 264, 0, 0.996031, -0.00682547, 0.0887499, -1.94963, -0.0183414, 0.959922, 0.279668, 0.302763, -0.0871018, -0.280186, 0.955986, 0.898188, 1356.47, 1218.32, 770.145, 377.408
181, 1082, 0, 0, 269, 0, 0.998425, -0.0277498, 0.0487599, -1.88417, 0.00384239, 0.900891, 0.434028, 0.333207, -0.0559715, -0.433157, 0.899579, 0.901364, 1356.47, 1218.32, 770.145, 377.408
182, 1084, 0, 0, 458, 0, 0.99855, -0.0284772, 0.0456751, -1.86972, 0.00569386, 0.899705, 0.436462, 0.327746, -0.0535234, -0.43557, 0.898562, 0.899703, 1356.47, 1218.32, 770.145, 377.408
183, 1086, 0, 0, 406, 0, 0.9986, -0.0305097, 0.0432201, -1.85415, 0.00845534, 0.898496, 0.438901, 0.322381, -0.0522238, -0.437921, 0.897495, 0.899327, 1356.47, 1218.32, 770.145, 377.408
184, 1089, 0, 0, 293, 0, 0.998418, -0.0366424, 0.0426527, -1.84074, 0.0138448, 0.895365, 0.445118, 0.315782, -0.0544999, -0.443823, 0.894455, 0.901308, 1356.47, 1218.32, 770.145, 377.408
162, 1009, 0, 0, 429, 0, 0.993888, -0.0122328, 0.109717, -1.95639, -0.015508, 0.968516, 0.248467, 0.152951, -0.109302, -0.248649, 0.962407, 0.892774, 1356.47, 1218.32, 770.145, 377.408
186, 1098, 0, 0, 258, 0, 0.997223, -0.0408501, 0.0622778, -1.81464, 0.00629162, 0.879384, 0.476072, 0.312725, -0.0742136, -0.474358, 0.877198, 0.922427, 1356.47, 1218.32, 770.145, 377.408
187, 1100, 0, 0, 378, 0, 0.997973, -0.0315192, 0.0552857, -1.80135, 0.0010668, 0.876898, 0.480675, 0.310906, -0.0636304, -0.479642, 0.875154, 0.920333, 1356.47, 1218.32, 770.145, 377.408
180, 1079, 0, 0, 399, 0, 0.998335, -0.0292068, 0.0497363, -1.8971, 0.0047471, 0.900994, 0.433806, 0.338382, -0.0574822, -0.432848, 0.899633, 0.906749, 1356.47, 1218.32, 770.145, 377.408
189, 1104, 0, 0, 251, 0, 0.999081, -0.0129112, 0.0408742, -1.76694, -0.00853232, 0.874577, 0.484812, 0.302778, -0.0420072, -0.484715, 0.873663, 0.915698, 1356.47, 1218.32, 770.145, 377.408
188, 1102, 0, 0, 245, 0, 0.998719, -0.0206264, 0.0461994, -1.78448, -0.0042804, 0.875406, 0.483369, 0.305778, -0.0504134, -0.482948, 0.874197, 0.917779, 1356.47, 1218.32, 770.145, 377.408
191, 1108, 0, 0, 168, 0, 0.998883, -0.0115738, 0.045804, -1.73042, -0.0123614, 0.871723, 0.489843, 0.298706, -0.0455978, -0.489862, 0.870607, 0.913174, 1356.47, 1218.32, 770.145, 377.408
192, 1110, 0, 0, 206, 0, 0.998394, -0.0154883, 0.0544969, -1.7139, -0.0133158, 0.870811, 0.491438, 0.295747, -0.055068, -0.491374, 0.869206, 0.9125, 1356.47, 1218.32, 770.145, 377.408
193, 1113, 0, 0, 367, 0, 0.997747, -0.0218069, 0.0634435, -1.69584, -0.0124886, 0.868789, 0.495025, 0.293466, -0.065914, -0.494702, 0.866559, 0.911562, 1356.47, 1218.32, 770.145, 377.408
194, 1116, 0, 0, 419, 0, 0.997353, -0.0269312, 0.0675369, -1.68086, -0.0104015, 0.86647, 0.49912, 0.292054, -0.0719607, -0.498501, 0.863897, 0.913038, 1356.47, 1218.32, 770.145, 377.408
195, 1119, 0, 0, 379, 0, 0.997029, -0.0279886, 0.0717593, -1.66463, -0.0117708, 0.865335, 0.501055, 0.288416, -0.0761197, -0.500411, 0.862435, 0.912628, 1356.47, 1218.32, 770.145, 377.408
196, 1122, 0, 0, 433, 0, 0.996035, -0.0266578, 0.0848777, -1.65192, -0.0195235, 0.865299, 0.500875, 0.284579, -0.0867968, -0.500546, 0.861348, 0.911746, 1356.47, 1218.32, 770.145, 377.408
185, 1093, 0, 0, 227, 0, 0.997327, -0.0455526, 0.0571345, -1.83035, 0.0141941, 0.887781, 0.460048, 0.310692, -0.0716793, -0.458007, 0.886054, 0.913301, 1356.47, 1218.32, 770.145, 377.408
198, 1133, 0, 0, 313, 0, 0.991388, -0.0329336, 0.126752, -1.62941, -0.0342714, 0.868891, 0.493816, 0.26547, -0.126397, -0.493907, 0.860279, 0.900759, 1356.47, 1218.32, 770.145, 377.408
199, 1136, 0, 0, 392, 0, 0.992439, -0.023286, 0.120508, -1.61827, -0.0374463, 0.87758, 0.477966, 0.251413, -0.116885, -0.478865, 0.870073, 0.896902, 1356.47, 1218.32, 770.145, 377.408
200, 1140, 0, 0, 157, 0, 0.992689, -0.0192441, 0.119153, -1.61436, -0.0367118, 0.892291, 0.449966, 0.231654, -0.114978, -0.451051, 0.885061, 0.894934, 1356.47, 1218.32, 770.145, 377.408
201, 1142, 0, 0, 235, 0, 0.992219, -0.021343, 0.122658, -1.61413, -0.0347156, 0.898694, 0.437201, 0.214424, -0.119564, -0.438057, 0.89096, 0.892664, 1356.47, 1218.32, 770.145, 377.408
202, 1145, 0, 0, 422, 0, 0.99143, -0.027202, 0.127779, -1.61376, -0.0293624, 0.906661, 0.420836, 0.195308, -0.127299, -0.420981, 0.898092, 0.8895, 1356.47, 1218.32, 770.145, 377.408
203, 1147, 0, 0, 515, 0, 0.991692, -0.03024, 0.125027, -1.61276, -0.0246538, 0.909271, 0.415474, 0.179922, -0.126247, -0.415105, 0.900972, 0.887739, 1356.47, 1218.32, 770.145, 377.408
204, 1152, 0, 0, 935, 0, 0.994006, -0.0230967, 0.106862, -1.60568, -0.023065, 0.91113, 0.411473, 0.16248, -0.106869, -0.411471, 0.905136, 0.876055, 1356.47, 1218.32, 770.145, 377.408
205, 1155, 0, 0, 915, 0, 0.996352, -0.0115734, 0.0845479, -1.59679, -0.0244243, 0.910639, 0.412481, 0.150413, -0.0817664, -0.413042, 0.907034, 0.86165, 1356.47, 1218.32, 770.145, 377.408
175, 1046, 0, 0, 255, 0, 0.995298, -0.0347991, 0.0903893, -1.94318, -0.000663352, 0.930757, 0.365637, 0.344638, -0.0968543, -0.363978, 0.926358, 0.888779, 1356.47, 1218.32, 770.145, 377.408
207, 1165, 0, 0, 650, 6, 0.99743, -0.0160505, 0.0698261, -1.59375, -0.0144735, 0.909353, 0.415774, 0.111745, -0.0701699, -0.415716, 0.906783, 0.804946, 1356.47, 1218.32, 770.145, 377.408
208, 1168, 0, 0, 668, 34, 0.996206, -0.0167888, 0.0853964, -1.59839, -0.019344, 0.91396, 0.405343, 0.09201, -0.0848541, -0.405457, 0.910167, 0.78958, 1356.47, 1218.32, 770.145, 377.408
209, 1171, 0, 0, 544, 70, 0.994947, -0.0171448, 0.0989272, -1.60168, -0.0226815, 0.921459, 0.387812, 0.0724325, -0.0978063, -0.388096, 0.916414, 0.775514, 1356.47, 1218.32, 770.145, 377.408
210, 1176, 0, 0, 682, 135, 0.992823, -0.0160446, 0.118509, -1.60182, -0.0292573, 0.928259, 0.370781, 0.0488251, -0.115956, -0.371587, 0.921128, 0.764056, 1356.47, 1218.32, 770.145, 377.408
190, 1106, 0, 0, 77, 0, 0.999274, -0.0105712, 0.0366153, -1.74658, -0.00864852, 0.872794, 0.488013, 0.300552, -0.0371165, -0.487975, 0.872068, 0.913377, 1356.47, 1218.32, 770.145, 377.408
168, 1026, 0, 0, 261, 0, 0.995316, -0.0169036, 0.0951812, -1.94495, -0.0134672, 0.950747, 0.309675, 0.257888, -0.0957279, -0.309506, 0.946067, 0.90662, 1356.47, 1218.32, 770.145, 377.408
212, 1188, 0, 0, 473, 88, 0.993374, 0.0038518, 0.114863, -1.58453, -0.0453458, 0.93149, 0.360929, 0.0235495, -0.105604, -0.363746, 0.925493, 0.737427, 1356.47, 1218.32, 770.145, 377.408
197, 1129, 0, 0, 255, 0, 0.991891, -0.0398767, 0.120674, -1.64158, -0.0257172, 0.866884, 0.497846, 0.275343, -0.124463, -0.496912, 0.858829, 0.906497, 1356.47, 1218.32, 770.145, 377.408
214, 1199, 0, 0, 259, 96, 0.993661, -0.0141485, 0.111524, -1.59681, -0.0225895, 0.946684, 0.321371, -0.0195117, -0.110124, -0.321853, 0.940363, 0.723914, 1356.47, 1218.32, 770.145, 377.408
215, 1204, 0, 0, 137, 26, 0.994138, -0.0061784, 0.107943, -1.59973, -0.0254071, 0.95706, 0.288774, -0.0392407, -0.105092, -0.289824, 0.951293, 0.716495, 1356.47, 1218.32, 770.145, 377.408
217, 1212, 0, 0, 537, 0, 0.991159, 0.0141352, 0.131924, -1.59959, -0.0451295, 0.97094, 0.235031, -0.0757263, -0.124768, -0.238907, 0.962994, 0.714958, 1356.47, 1218.32, 770.145, 377.408
206, 1159, 0, 0, 843, 0, 0.998358, -0.00892596, 0.0565862, -1.58603, -0.0152457, 0.910764, 0.412646, 0.136496, -0.0552199, -0.412831, 0.909132, 0.84354, 1356.47, 1218.32, 770.145, 377.408
218, 1216, 0, 0, 273, 0, 0.990619, 0.00980917, 0.136302, -1.5969, -0.0360123, 0.980902, 0.191139, -0.0868702, -0.131824, -0.194254, 0.972053, 0.714396, 1356.47, 1218.32, 770.145, 377.408
220, 1224, 0, 0, 731, 0, 0.994845, -0.000605308, 0.101401, -1.59636, -0.00988599, 0.99464, 0.102929, -0.108858, -0.10092, -0.103401, 0.989507, 0.711658, 1356.47, 1218.32, 770.145, 377.409
221, 1231, 0, 0, 662, 0, 0.993613, 0.0209042, 0.110886, -1.60071, -0.0263213, 0.998519, 0.047616, -0.116391, -0.109726, -0.0502306, 0.992692, 0.704658, 1356.47, 1218.32, 770.145, 377.408
211, 1181, 0, 0, 852, 0, 0.991674, -0.00972851, 0.128406, -1.5961, -0.0387763, 0.928302, 0.3698, 0.0304233, -0.122797, -0.3717, 0.920196, 0.76022, 1356.47, 1218.32, 770.145, 377.408
219, 1220, 0, 0, 459, 0, 0.992802, -0.00279972, 0.119734, -1.59846, -0.0148607, 0.989121, 0.146349, -0.100306, -0.118842, -0.147075, 0.98196, 0.715859, 1356.47, 1218.32, 770.145, 377.408
223, 1245, 0, 0, 876, 80, 0.991882, 0.0237612, 0.124919, -1.55604, -0.0311252, 0.99787, 0.0573322, -0.126403, -0.12329, -0.060755, 0.990509, 0.709745, 1356.47, 1218.32, 770.145, 377.408
224, 1248, 0, 0, 819, 178, 0.992464, 0.0258783, 0.119769, -1.53175, -0.0328228, 0.99787, 0.0563781, -0.130537, -0.118055, -0.0598844, 0.9912, 0.708229, 1356.47, 1218.32, 770.145, 377.408
226, 1264, 0, 0, 579, 320, 0.989928, -0.000776431, 0.14157, -1.50551, -0.00678318, 0.998576, 0.052908, -0.139565, -0.14141, -0.0533354, 0.988513, 0.690981, 1356.47, 1218.32, 770.145, 377.408
227, 1269, 0, 0, 265, 67, 0.990005, 0.00267754, 0.141005, -1.49083, -0.0118208, 0.997877, 0.0640458, -0.129788, -0.140534, -0.0650724, 0.987935, 0.694441, 1356.47, 1218.32, 770.145, 377.408
228, 1274, 0, 0, 263, 4, 0.99036, -0.000872423, 0.138515, -1.49058, -0.0104486, 0.996661, 0.0809832, -0.113641, -0.138123, -0.0816498, 0.987044, 0.692807, 1356.47, 1218.32, 770.145, 377.408
229, 1279, 0, 0, 61, 0, 0.99162, 0.00049028, 0.129189, -1.49309, -0.0120409, 0.995991, 0.0886424, -0.0984013, -0.128628, -0.0894551, 0.98765, 0.689094, 1356.47, 1218.32, 770.145, 377.409
230, 1283, 0, 0, 88, 0, 0.992297, 0.00357116, 0.123834, -1.49308, -0.01588, 0.995005, 0.0985536, -0.0798352, -0.122864, -0.0997609, 0.987397, 0.689979, 1356.47, 1218.32, 770.145, 377.409
231, 1287, 0, 0, 109, 0, 0.992151, 0.00588987, 0.124905, -1.49377, -0.0204243, 0.993108, 0.115406, -0.0633306, -0.123364, -0.117051, 0.985434, 0.688155, 1356.47, 1218.32, 770.145, 377.409
216, 1208, 0, 0, 166, 0, 0.993564, 0.00552177, 0.113135, -1.60187, -0.0352092, 0.964387, 0.262142, -0.0558714, -0.107659, -0.264438, 0.958375, 0.717654, 1356.47, 1218.32, 770.145, 377.409
233, 1296, 0, 0, 247, 0, 0.991886, 0.00624133, 0.126974, -1.4911, -0.0260244, 0.987611, 0.15475, -0.0251831, -0.124435, -0.156799, 0.97976, 0.687562, 1356.47, 1218.32, 770.145, 377.409
234, 1300, 0, 0, 213, 0, 0.99182, 0.00123304, 0.127641, -1.4903, -0.023666, 0.984393, 0.174384, -0.00547752, -0.125434, -0.175979, 0.97637, 0.689594, 1356.47, 1218.32, 770.145, 377.409
235, 1303, 0, 0, 356, 0, 0.991531, -0.00184035, 0.129858, -1.48948, -0.023447, 0.980932, 0.192931, 0.0128823, -0.127737, -0.194342, 0.972581, 0.692374, 1356.47, 1218.32, 770.145, 377.409
236, 1307, 0, 0, 843, 0, 0.990501, -0.00839278, 0.13725, -1.49098, -0.0222303, 0.975232, 0.220066, 0.0300338, -0.135698, -0.221026, 0.965781, 0.691891, 1356.47, 1218.32, 770.145, 377.409
222, 1242, 0, 0, 917, 0, 0.992015, 0.014746, 0.125256, -1.58217, -0.0215951, 0.998334, 0.0535003, -0.118904, -0.124259, -0.055778, 0.990681, 0.706902, 1356.47, 1218.32, 770.144, 377.409
238, 1329, 0, 0, 228, 0, 0.988627, 0.00359083, 0.150348, -1.49536, -0.0362376, 0.975947, 0.214975, 0.0265776, -0.14596, -0.217978, 0.964977, 0.654154, 1356.47, 1218.32, 770.144, 377.409
239, 1332, 0, 0, 217, 0, 0.990083, 9.38919e-05, 0.14048, -1.49511, -0.029954, 0.977144, 0.210458, 0.00763318, -0.13725, -0.212579, 0.967457, 0.650653, 1356.47, 1218.32, 770.144, 377.409
240, 1335, 0, 0, 446, 0, 0.991497, -0.000464078, 0.130125, -1.49541, -0.026188, 0.978822, 0.203032, -0.0104432, -0.127464, -0.204713, 0.970487, 0.654529, 1356.47, 1218.32, 770.144, 377.409
241, 1338, 0, 0, 666, 0, 0.992563, -0.000670773, 0.12173, -1.49876, -0.0218787, 0.982718, 0.18381, -0.0318974, -0.11975, -0.185106, 0.975395, 0.661209, 1356.47, 1218.32, 770.144, 377.409
242, 1341, 0, 0, 806, 0, 0.993609, -0.00252246, 0.112845, -1.50213, -0.0149265, 0.988034, 0.153515, -0.0507117, -0.111882, -0.154219, 0.981682, 0.666406, 1356.47, 1218.32, 770.144, 377.409
243, 1344, 0, 0, 873, 0, 0.99465, -0.00224962, 0.103276, -1.50616, -0.0105315, 0.992345, 0.123046, -0.0665521, -0.102762, -0.123475, 0.987013, 0.670882, 1356.47, 1218.32, 770.144, 377.409
244, 1347, 0, 0, 849, 1, 0.995331, -0.00150352, 0.0965042, -1.51375, -0.00797845, 0.995175, 0.0977933, -0.0779553, -0.0961856, -0.0981067, 0.990517, 0.672406, 1356.47, 1218.32, 770.144, 377.409
245, 1351, 0, 0, 694, 0, 0.99624, 0.00261521, 0.0866006, -1.52208, -0.0093784, 0.996926, 0.0777819, -0.0885134, -0.086131, -0.0783016, 0.993202, 0.677184, 1356.47, 1218.32, 770.145, 377.409
246, 1356, 0, 0, 543, 0, 0.997544, 0.0162625, 0.0681336, -1.53825, -0.0214761, 0.996838, 0.0765004, -0.0858207, -0.0666741, -0.0777757, 0.994739, 0.67842, 1356.47, 1218.32, 770.145, 377.409
247, 1361, 0, 0, 525, 0, 0.998683, 0.0161768, 0.0486975, -1.55675, -0.019476, 0.997491, 0.0680563, -0.0861964, -0.0474744, -0.0689151, 0.996492, 0.686128, 1356.47, 1218.32, 770.145, 377.409
232, 1291, 0, 0, 253, 0, 0.992796, 0.00970515, 0.11942, -1.48591, -0.0251309, 0.99141, 0.128354, -0.0414686, -0.117149, -0.130431, 0.984512, 0.685538, 1356.47, 1218.32, 770.145, 377.409
249, 1367, 0, 0, 577, 0, 0.999643, 0.000160306, 0.0267096, -1.60684, -0.00149829, 0.998744, 0.0500815, -0.0774301, -0.026668, -0.0501037, 0.998388, 0.715496, 1356.47, 1218.32, 770.145, 377.409
250, 1370, 0, 0, 507, 0, 0.999787, 0.00573402, 0.0198415, -1.62733, -0.00663737, 0.99893, 0.045766, -0.0763633, -0.0195579, -0.045888, 0.998755, 0.720853, 1356.47, 1218.32, 770.145, 377.409
251, 1374, 0, 0, 560, 0, 0.999858, 0.00790526, 0.0148587, -1.64707, -0.00864464, 0.998693, 0.0503736, -0.0760265, -0.014441, -0.0504949, 0.99862, 0.719497, 1356.47, 1218.32, 770.144, 377.409
237, 1314, 0, 0, 579, 0, 0.989031, -0.0165804, 0.146778, -1.48498, -0.0188185, 0.971439, 0.236541, 0.0513827, -0.146508, -0.236708, 0.960471, 0.678667, 1356.47, 1218.32, 770.145, 377.408
213, 1194, 0, 0, 676, 0, 0.993655, -0.00560747, 0.112333, -1.58448, -0.0331957, 0.939643, 0.340543, 0.00434904, -0.107462, -0.342111, 0.933494, 0.725071, 1356.47, 1218.32, 770.145, 377.409
253, 1380, 0, 0, 898, 25, 0.999475, -0.00274462, 0.0322901, -1.69185, 0.000856273, 0.998296, 0.0583496, -0.0815965, -0.0323952, -0.0582913, 0.997774, 0.701181, 1356.47, 1218.32, 770.145, 377.409
254, 1384, 0, 0, 984, 16, 0.998807, 0.00217406, 0.0487742, -1.7213, -0.00499079, 0.998321, 0.0577033, -0.08741, -0.0485669, -0.0578779, 0.997142, 0.69078, 1356.47, 1218.32, 770.144, 377.409
225, 1251, 0, 0, 919, 0, 0.993422, 0.0194921, 0.112839, -1.50735, -0.0247739, 0.998653, 0.0455971, -0.129048, -0.111798, -0.0480927, 0.992566, 0.700052, 1356.47, 1218.32, 770.144, 377.409
256, 1398, 0, 0, 364, 35, 0.999114, 0.010143, 0.0408521, -1.76331, -0.0136149, 0.996234, 0.0856249, -0.0928811, -0.0398298, -0.0861052, 0.99549, 0.654994, 1356.47, 1218.32, 770.144, 377.409
257, 1404, 0, 0, 339, 8, 0.9987, 0.0205345, 0.0466556, -1.78485, -0.0249761, 0.995, 0.0967066, -0.0967969, -0.0444365, -0.0977461, 0.994219, 0.653952, 1356.47, 1218.32, 770.144, 377.409
258, 1408, 0, 0, 417, 0, 0.998524, 0.0221019, 0.0496084, -1.80781, -0.0267535, 0.995103, 0.0951529, -0.10003, -0.0472624, -0.0963397, 0.994226, 0.657574, 1356.47, 1218.32, 770.145, 377.409
260, 1413, 0, 0, 560, 2, 0.998792, 0.00570859, 0.0488082, -1.85411, -0.0101694, 0.99574, 0.0916414, -0.105349, -0.0480771, -0.0920271, 0.994595, 0.657572, 1356.47, 1218.32, 770.145, 377.409
261, 1415, 0, 0, 516, 0, 0.998875, 0.000575104, 0.0474159, -1.8728, -0.00482546, 0.995968, 0.0895744, -0.108544, -0.0471732, -0.0897024, 0.994851, 0.655066, 1356.47, 1218.32, 770.145, 377.409
252, 1377, 0, 0, 758, 0, 0.999823, -0.000655347, 0.0188265, -1.6676, -0.000424353, 0.998358, 0.0572889, -0.0792644, -0.0188331, -0.0572867, 0.99818, 0.709125, 1356.47, 1218.32, 770.144, 377.409
263, 1422, 0, 0, 829, 9, 0.999439, 0.00279717, 0.0333603, -1.92042, -0.00524649, 0.997277, 0.0735603, -0.110777, -0.0330637, -0.0736941, 0.996733, 0.642908, 1356.47, 1218.32, 770.145, 377.409
264, 1426, 0, 0, 708, 26, 0.999713, 0.00686587, 0.022966, -1.93889, -0.00852097, 0.997313, 0.0727641, -0.108304, -0.0224047, -0.0729389, 0.997085, 0.63998, 1356.47, 1218.32, 770.145, 377.409
265, 1436, 0, 0, 337, 89, 0.999729, 0.0163135, -0.0166284, -1.93326, -0.0146727, 0.995424, 0.094425, -0.0981763, 0.0180927, -0.0941553, 0.995393, 0.654379, 1356.47, 1218.32, 770.145, 377.409
266, 1440, 0, 0, 550, 0, 0.999273, 0.0175129, -0.0338517, -1.93391, -0.0137608, 0.994049, 0.108057, -0.0891994, 0.0355426, -0.107513, 0.993568, 0.661943, 1356.47, 1218.32, 770.145, 377.409
267, 1446, 0, 0, 128, 0, 0.998216, 0.0218259, -0.0555657, -1.93287, -0.0147459, 0.992075, 0.124777, -0.0728759, 0.0578488, -0.123735, 0.990628, 0.666176, 1356.47, 1218.32, 770.145, 377.409
268, 1457, 0, 0, 537, 0, 0.996895, 0.02242, -0.0754805, -1.93103, -0.0125288, 0.991559, 0.129051, -0.0838811, 0.0777367, -0.127705, 0.988761, 0.666472, 1356.47, 1218.32, 770.145, 377.409
269, 1464, 0, 0, 451, 0, 0.996863, 0.0264128, -0.0746153, -1.92784, -0.0178579, 0.993426, 0.113077, -0.106396, 0.0771114, -0.11139, 0.990781, 0.657696, 1356.47, 1218.32, 770.145, 377.409
270, 1469, 0, 0, 742, 0, 0.997045, 0.0247727, -0.0727136, -1.93647, -0.0181879, 0.995788, 0.0898613, -0.103264, 0.0746334, -0.0882733, 0.993296, 0.644181, 1356.47, 1218.32, 770.145, 377.409
259, 1411, 0, 0, 381, 0, 0.998712, 0.0142498, 0.0487029, -1.82976, -0.0185736, 0.995813, 0.0895117, -0.100068, -0.0472235, -0.090301, 0.994794, 0.656828, 1356.47, 1218.32, 770.145, 377.408
271, 1471, 0, 0, 820, 0, 0.998119, 0.0161577, -0.0591425, -1.95696, -0.0120137, 0.997491, 0.0697652, -0.0922073, 0.0601214, -0.0689235, 0.995809, 0.635621, 1356.47, 1218.32, 770.144, 377.408
273, 1475, 0, 0, 630, 202, 0.999526, 0.00325573, -0.0306293, -2.00085, -0.0019628, 0.999109, 0.0421478, -0.074958, 0.0307393, -0.0420677, 0.998642, 0.617355, 1356.47, 1218.32, 770.145, 377.408
272, 1473, 0, 0, 776, 26, 0.998929, 0.00887003, -0.0454164, -1.98036, -0.00626806, 0.998348, 0.0571164, -0.0860706, 0.0458479, -0.0567706, 0.997334, 0.627439, 1356.47, 1218.32, 770.144, 377.408
275, 1479, 0, 0, 586, 85, 0.999998, 0.00134847, 0.00169105, -2.04821, -0.00138654, 0.999741, 0.0227153, -0.0583083, -0.00165998, -0.0227176, 0.999741, 0.598745, 1356.47, 1218.32, 770.145, 377.408
276, 1480, 0, 0, 561, 34, 0.999928, 0.00176154, 0.0118755, -2.06414, -0.0019531, 0.999868, 0.0161386, -0.0541155, -0.0118455, -0.0161607, 0.999799, 0.5916, 1356.47, 1218.32, 770.145, 377.408
277, 1482, 0, 0, 477, 9, 0.999533, 0.000845647, 0.0305415, -2.09389, -0.00106663, 0.999973, 0.00721993, -0.049682, -0.0305346, -0.00724914, 0.999507, 0.579536, 1356.47, 1218.32, 770.145, 377.408
278, 1484, 0, 0, 452, 14, 0.999084, -0.000180293, 0.0427835, -2.1163, -7.49869e-05, 0.999982, 0.00596511, -0.0471105, -0.0427838, -0.00596285, 0.999067, 0.573624, 1356.47, 1218.32, 770.145, 377.408
279, 1490, 0, 0, 529, 9, 0.99917, -0.00450213, 0.0404933, -2.12973, 0.00316071, 0.999446, 0.03313, -0.0428294, -0.04062, -0.0329745, 0.99863, 0.562746, 1356.47, 1218.32, 770.144, 377.408
280, 1495, 0, 0, 497, 0, 0.999119, -0.000837068, 0.0419599, -2.14709, -0.000789165, 0.99925, 0.0387253, -0.0412644, -0.0419609, -0.0387243, 0.998369, 0.558656, 1356.47, 1218.32, 770.145, 377.409
255, 1389, 0, 0, 271, 0, 0.999049, 0.00858184, 0.0427411, -1.74231, -0.0108447, 0.998536, 0.0529974, -0.0921795, -0.0422237, -0.0534105, 0.99768, 0.676585, 1356.47, 1218.32, 770.145, 377.409
282, 1505, 0, 0, 181, 0, 0.998272, -0.00356264, 0.0586597, -2.17915, 0.000632583, 0.998754, 0.049893, -0.0121855, -0.0587644, -0.0497696, 0.99703, 0.570332, 1356.47, 1218.32, 770.145, 377.409
283, 1508, 0, 0, 178, 0, 0.998207, -0.00256222, 0.0598011, -2.18336, -0.000553938, 0.998645, 0.052034, 0.00863758, -0.0598534, -0.0519738, 0.996853, 0.573102, 1356.47, 1218.32, 770.144, 377.409
284, 1512, 0, 0, 321, 0, 0.998067, 0.00654933, 0.0617979, -2.18442, -0.0105615, 0.997841, 0.0648218, 0.03538, -0.06124, -0.0653492, 0.995982, 0.573259, 1356.47, 1218.32, 770.144, 377.409
285, 1515, 0, 0, 599, 0, 0.997875, 0.0149359, 0.0634271, -2.18034, -0.0194698, 0.997252, 0.0714764, 0.0567622, -0.0621852, -0.0725594, 0.995424, 0.573749, 1356.47, 1218.32, 770.144, 377.409
286, 1518, 0, 0, 765, 0, 0.997737, 0.0154941, 0.0654248, -2.17757, -0.0203727, 0.997007, 0.0745722, 0.0746401, -0.0640736, -0.0757363, 0.995067, 0.575099, 1356.47, 1218.32, 770.144, 377.409
287, 1521, 0, 0, 475, 0, 0.998264, 0.0053297, 0.05865, -2.1718, -0.00979142, 0.997056, 0.0760513, 0.0934046, -0.058072, -0.0764936, 0.995378, 0.577789, 1356.47, 1218.32, 770.144, 377.409
288, 1524, 0, 0, 270, 0, 0.998892, -0.000497446, 0.0470626, -2.16795, -0.00338212, 0.9966, 0.0823185, 0.113496, -0.0469436, -0.0823864, 0.995494, 0.580922, 1356.47, 1218.32, 770.144, 377.409
248, 1364, 0, 0, 301, 0, 0.999539, 0.00274325, 0.0302382, -1.57604, -0.00472031, 0.997841, 0.0655069, -0.0877774, -0.0299932, -0.0656194, 0.997394, 0.694218, 1356.47, 1218.32, 770.144, 377.409
290, 1529, 0, 0, 372, 0, 0.999468, 0.00479973, 0.0322517, -2.16431, -0.00808602, 0.994695, 0.102551, 0.156782, -0.0315884, -0.102757, 0.994205, 0.58821, 1356.47, 1218.32, 770.144, 377.409
291, 1531, 0, 0, 206, 0, 0.9995, 0.0082676, 0.0305036, -2.16202, -0.0115925, 0.99381, 0.110487, 0.182836, -0.0294013, -0.110786, 0.993409, 0.596324, 1356.47, 1218.32, 770.144, 377.409
292, 1533, 0, 0, 201, 0, 0.999362, 0.0118838, 0.0336899, -2.16008, -0.0157272, 0.993099, 0.116218, 0.203962, -0.0320763, -0.116673, 0.992652, 0.600462, 1356.47, 1218.32, 770.144, 377.409
293, 1536, 0, 0, 290, 0, 0.999112, 0.0126456, 0.0401885, -2.16187, -0.0171478, 0.993363, 0.113736, 0.226419, -0.0384836, -0.114324, 0.992698, 0.595647, 1356.47, 1218.32, 770.144, 377.409
294, 1539, 0, 0, 41, 0, 0.99909, 0.00651436, 0.0421486, -2.16108, -0.01081, 0.994674, 0.102506, 0.242599, -0.0412563, -0.102868, 0.993839, 0.59252, 1356.47, 1218.32, 770.144, 377.409
295, 1543, 0, 0, 228, 0, 0.999361, -0.00111662, 0.0357271, -2.16204, -0.00218345, 0.995738, 0.0921966, 0.225054, -0.0356778, -0.0922157, 0.9951, 0.586995, 1356.47, 1218.32, 770.144, 377.409
297, 1547, 0, 0, 685, 0, 0.999168, 0.00530791, 0.0404357, -2.16937, -0.00930463, 0.995014, 0.0993047, 0.160537, -0.039707, -0.0995983, 0.994235, 0.591653, 1356.47, 1218.32, 770.144, 377.409
289, 1527, 0, 0, 224, 0, 0.9994, 0.000682374, 0.0346156, -2.16389, -0.0038279, 0.995854, 0.0908857, 0.138307, -0.03441, -0.0909637, 0.99526, 0.586247, 1356.47, 1218.32, 770.144, 377.409
298, 1549, 0, 0, 937, 0, 0.998613, 0.014728, 0.0505475, -2.17816, -0.0200859, 0.994036, 0.107183, 0.129929, -0.0486675, -0.10805, 0.992954, 0.598037, 1356.47, 1218.32, 770.144, 377.409
299, 1551, 0, 0, 919, 25, 0.997504, 0.0255965, 0.065801, -2.19961, -0.0334018, 0.992163, 0.120401, 0.104411, -0.0622034, -0.122299, 0.990542, 0.605935, 1356.47, 1218.32, 770.144, 377.409
300, 1552, 0, 0, 751, 219, 0.996864, 0.0295332, 0.0734213, -2.21098, -0.0389235, 0.990756, 0.129952, 0.0915064, -0.0689047, -0.132402, 0.988798, 0.610636, 1356.47, 1218.32, 770.145, 377.409
301, 1554, 0, 0, 787, 277, 0.995564, 0.0369717, 0.0865131, -2.23206, -0.0494282, 0.987961, 0.146594, 0.0738871, -0.0800518, -0.15022, 0.985406, 0.622913, 1356.47, 1218.32, 770.145, 377.409
302, 1556, 0, 0, 808, 147, 0.994043, 0.0395181, 0.101576, -2.2566, -0.0559373, 0.984829, 0.164266, 0.0642617, -0.0935431, -0.168969, 0.981172, 0.637722, 1356.47, 1218.32, 770.144, 377.409
303, 1558, 0, 0, 840, 141, 0.99253, 0.0372786, 0.116167, -2.27902, -0.0579862, 0.981894, 0.180338, 0.058285, -0.107341, -0.185727, 0.976721, 0.652871, 1356.47, 1218.32, 770.144, 377.409
304, 1560, 0, 0, 854, 124, 0.991161, 0.0323081, 0.128667, -2.29326, -0.0565362, 0.980277, 0.189369, 0.0552398, -0.120011, -0.19497, 0.973439, 0.668144, 1356.47, 1218.32, 770.144, 377.409
274, 1477, 0, 0, 517, 0, 0.999934, 0.00174032, -0.0113921, -2.02662, -0.00131311, 0.999299, 0.0374007, -0.0695394, 0.0114492, -0.0373833, 0.999235, 0.615901, 1356.47, 1218.32, 770.144, 377.409
306, 1565, 0, 0, 796, 173, 0.987799, 0.00353332, 0.155694, -2.32268, -0.0362699, 0.977471, 0.20793, 0.0522793, -0.151452, -0.211041, 0.965673, 0.726956, 1356.47, 1218.32, 770.144, 377.409
307, 1567, 0, 0, 783, 293, 0.986094, -0.00789377, 0.166, -2.33817, -0.0279438, 0.976774, 0.212444, 0.0501121, -0.163821, -0.214128, 0.96297, 0.752928, 1356.47, 1218.32, 770.144, 377.409
308, 1569, 0, 0, 502, 439, 0.984248, -0.0178483, 0.17589, -2.35167, -0.0213213, 0.975646, 0.218312, 0.0473443, -0.175503, -0.218624, 0.959897, 0.777041, 1356.47, 1218.32, 770.144, 377.409
309, 1571, 0, 0, 561, 293, 0.982224, -0.0253671, 0.185988, -2.36191, -0.0174751, 0.974166, 0.225155, 0.0482677, -0.186895, -0.224403, 0.956407, 0.797622, 1356.47, 1218.32, 770.144, 377.409
262, 1418, 0, 0, 692, 0, 0.998504, -0.000486805, 0.0546714, -1.90841, -0.0039766, 0.996665, 0.0815021, -0.109265, -0.0545287, -0.0815976, 0.995173, 0.653424, 1356.47, 1218.32, 770.144, 377.409
311, 1575, 0, 0, 672, 361, 0.976583, -0.0422574, 0.210952, -2.38577, -0.0087652, 0.971892, 0.235264, 0.042199, -0.214964, -0.231604, 0.948762, 0.834468, 1356.47, 1218.32, 770.144, 377.409
312, 1576, 0, 0, 534, 568, 0.974412, -0.0496846, 0.219209, -2.39455, -0.00482864, 0.970411, 0.241411, 0.0402645, -0.224717, -0.236292, 0.94534, 0.846925, 1356.47, 1218.32, 770.144, 377.409
313, 1577, 0, 0, 374, 561, 0.971894, -0.05665, 0.2285, -2.40352, -0.00176661, 0.968833, 0.247709, 0.0389262, -0.235411, -0.24115, 0.941503, 0.861063, 1356.47, 1218.32, 770.144, 377.409
281, 1498, 0, 0, 457, 0, 0.998359, 0.00177418, 0.0572386, -2.1761, -0.00416268, 0.999124, 0.0416366, -0.0399804, -0.0571146, -0.0418065, 0.997492, 0.571649, 1356.47, 1218.32, 770.144, 377.409
315, 1579, 0, 0, 595, 314, 0.966465, -0.0699501, 0.247088, -2.41963, 0.0030145, 0.96521, 0.261458, 0.0346687, -0.256781, -0.251946, 0.933053, 0.888955, 1356.47, 1218.32, 770.144, 377.409
316, 1580, 0, 0, 555, 217, 0.96635, -0.0735619, 0.246486, -2.42294, 0.00562459, 0.96405, 0.265662, 0.0330548, -0.257167, -0.255336, 0.932024, 0.900482, 1356.47, 1218.32, 770.144, 377.409
317, 1582, 0, 0, 724, 286, 0.963606, -0.0800296, 0.255067, -2.43012, 0.00755649, 0.96191, 0.273261, 0.0315524, -0.26722, -0.261388, 0.927507, 0.920956, 1356.47, 1218.32, 770.143, 377.409
318, 1584, 0, 0, 571, 268, 0.960622, -0.0840133, 0.264851, -2.43471, 0.00713746, 0.96034, 0.278741, 0.0319796, -0.277765, -0.265874, 0.923124, 0.936653, 1356.47, 1218.32, 770.143, 377.409
319, 1587, 0, 0, 469, 219, 0.956883, -0.0867024, 0.277232, -2.43748, 0.00578692, 0.959915, 0.280233, 0.033721, -0.290416, -0.266546, 0.919028, 0.951806, 1356.47, 1218.32, 770.143, 377.409
320, 1597, 0, 0, 401, 152, 0.943301, -0.0940517, 0.318335, -2.43827, 0.00184207, 0.960488, 0.278316, 0.0278116, -0.331933, -0.26195, 0.906202, 0.942105, 1356.47, 1218.32, 770.143, 377.409
321, 1600, 0, 0, 550, 150, 0.939473, -0.0877533, 0.331195, -2.4385, 0.000875697, 0.967256, 0.2538, 0.022742, -0.342623, -0.238148, 0.908788, 0.92499, 1356.47, 1218.32, 770.143, 377.409
322, 1603, 0, 0, 516, 138, 0.932912, -0.0862425, 0.349625, -2.43816, 0.000691051, 0.971325, 0.237754, 0.0171576, -0.360104, -0.221562, 0.90622, 0.907549, 1356.47, 1218.32, 770.144, 377.409
323, 1606, 0, 0, 435, 57, 0.932643, -0.0807675, 0.351643, -2.43226, -0.00440157, 0.972002, 0.234929, 0.0177396, -0.360772, -0.220653, 0.906176, 0.886192, 1356.47, 1218.32, 770.144, 377.409
324, 1609, 0, 0, 382, 49, 0.943026, -0.0776381, 0.323533, -2.43472, -0.00982505, 0.965472, 0.260322, 0.0206902, -0.332573, -0.248669, 0.909703, 0.868901, 1356.47, 1218.32, 770.143, 377.409
325, 1611, 0, 0, 447, 4, 0.953807, -0.0749194, 0.290928, -2.44157, -0.0112863, 0.958785, 0.283908, 0.0220063, -0.300207, -0.274077, 0.913651, 0.864452, 1356.47, 1218.32, 770.144, 377.409
296, 1545, 0, 0, 526, 0, 0.999037, 0.00182973, 0.0438381, -2.18333, -0.00679169, 0.993537, 0.113309, 0.175015, -0.0433474, -0.113497, 0.992592, 0.598518, 1356.47, 1218.32, 770.143, 377.409
327, 1615, 0, 0, 663, 67, 0.980374, -0.0599403, 0.187813, -2.4498, 0.00507659, 0.960019, 0.27989, 0.0270173, -0.19708, -0.273443, 0.941482, 0.869509, 1356.47, 1218.32, 770.143, 377.409
328, 1617, 0, 0, 624, 47, 0.985638, -0.0548792, 0.159708, -2.45576, 0.0123913, 0.966677, 0.255699, 0.0270008, -0.168418, -0.250047, 0.953473, 0.879478, 1356.47, 1218.32, 770.143, 377.409
329, 1620, 0, 0, 515, 134, 0.986313, -0.0558004, 0.155157, -2.45856, 0.0202882, 0.974916, 0.221647, 0.0234531, -0.163633, -0.215466, 0.962704, 0.893784, 1356.47, 1218.32, 770.143, 377.409
330, 1624, 0, 0, 506, 82, 0.978945, -0.0592352, 0.195342, -2.45419, 0.0196096, 0.979834, 0.198851, 0.0208747, -0.203182, -0.190833, 0.960364, 0.903504, 1356.47, 1218.32, 770.143, 377.409
331, 1628, 0, 0, 447, 136, 0.968651, -0.0636116, 0.240143, -2.44576, 0.00849586, 0.974578, 0.223888, 0.0221268, -0.24828, -0.214829, 0.944566, 0.907794, 1356.47, 1218.32, 770.143, 377.409
332, 1631, 0, 0, 441, 123, 0.958103, -0.0624267, 0.279538, -2.44145, -0.0109302, 0.96728, 0.253477, 0.0226625, -0.286215, -0.245912, 0.926071, 0.9046, 1356.47, 1218.32, 770.143, 377.409
334, 1635, 0, 0, 385, 91, 0.9567, -0.0632059, 0.284129, -2.43227, -0.0246604, 0.955029, 0.295486, 0.0278338, -0.290028, -0.289698, 0.912118, 0.875749, 1356.47, 1218.32, 770.144, 377.409
