1, 19, 0, 0, 403, 312, 0.999818, -0.0107686, 0.0157474, -0.0203901, 0.0108954, 0.999909, -0.00799064, 0.00196887, -0.01566, 0.00816076, 0.999844, 0.00392555, 1372.03, 1244.38, 774.488, 376.51
3, 52, 0, 0, 175, 602, 0.999572, -0.0232871, 0.0176832, -0.0621239, 0.0234619, 0.999677, -0.00974296, 0.00777522, -0.0174506, 0.0101537, 0.999796, -0.00149233, 1372.03, 1244.38, 774.488, 376.51
5, 95, 0, 0, 162, 795, 0.999965, 0.00342988, 0.00762309, -0.10126, -0.00335235, 0.999943, -0.0101602, 0.015068, -0.0076575, 0.0101343, 0.999919, -0.0214032, 1372.03, 1244.38, 774.488, 376.51
6, 120, 0, 0, 96, 746, 0.999981, -0.00611656, -0.000101338, -0.117673, 0.00611733, 0.999913, 0.0116691, 0.0180853, 2.99545e-05, -0.0116695, 0.999932, -0.0359765, 1372.03, 1244.38, 774.488, 376.509
2, 38, 0, 0, 311, 351, 0.999514, -0.0212171, 0.0228234, -0.0423309, 0.0214094, 0.999737, -0.00821555, 0.00410721, -0.0226431, 0.00870019, 0.999706, 0.00072016, 1372.03, 1244.38, 774.488, 376.509
8, 163, 0, 0, 159, 637, 0.999896, 0.0138027, 0.00429675, -0.158246, -0.0137699, 0.999877, -0.00757208, 0.0189279, -0.00440074, 0.00751213, 0.999962, -0.042088, 1372.03, 1244.38, 774.487, 376.509
9, 175, 0, 0, 225, 630, 0.99965, 0.0130997, 0.0229872, -0.178279, -0.0129088, 0.999881, -0.00843328, 0.0188387, -0.023095, 0.00813359, 0.9997, -0.0383864, 1372.03, 1244.38, 774.487, 376.509
10, 187, 0, 0, 183, 521, 0.99917, 0.0120534, 0.0389059, -0.200807, -0.0118758, 0.999918, -0.00479203, 0.0194, -0.0389605, 0.00432601, 0.999231, -0.035865, 1372.03, 1244.38, 774.487, 376.509
12, 214, 0, 0, 192, 585, 0.998527, -0.00859397, 0.0535658, -0.246689, 0.00876899, 0.999957, -0.00303323, 0.0203437, -0.0535374, 0.00349848, 0.99856, -0.0316995, 1372.03, 1244.38, 774.487, 376.509
4, 74, 0, 0, 347, 327, 0.999999, 0.00134406, 0.00017626, -0.0826539, -0.00134046, 0.999817, -0.0190699, 0.0136232, -0.000201858, 0.0190697, 0.999818, -0.0122806, 1372.03, 1244.38, 774.488, 376.509
13, 228, 0, 0, 200, 569, 0.997635, -0.0131373, 0.0674651, -0.269126, 0.0132422, 0.999912, -0.00110768, 0.0207485, -0.0674446, 0.00199844, 0.997721, -0.0324959, 1372.03, 1244.38, 774.488, 376.509
14, 244, 0, 0, 224, 544, 0.996611, -0.00932552, 0.0817264, -0.28849, 0.00940188, 0.999956, -0.000549531, 0.0221084, -0.0817177, 0.00131605, 0.996655, -0.0418531, 1372.03, 1244.38, 774.487, 376.509
16, 276, 0, 0, 120, 490, 0.998032, -0.00750139, 0.0622569, -0.330632, 0.00790093, 0.99995, -0.00617377, 0.0220034, -0.0622075, 0.00665351, 0.998041, -0.0610487, 1372.03, 1244.38, 774.488, 376.509
17, 288, 0, 0, 136, 468, 0.998559, -0.00120009, 0.0536518, -0.348025, 0.0010115, 0.999993, 0.00354204, 0.0222288, -0.0536557, -0.00348267, 0.998553, -0.0706852, 1372.03, 1244.38, 774.488, 376.509
18, 306, 0, 0, 176, 507, 0.998867, 0.0116678, 0.0461464, -0.37081, -0.0118709, 0.999921, 0.00412971, 0.0212592, -0.0460945, -0.00467283, 0.998926, -0.0769476, 1372.03, 1244.38, 774.488, 376.509
11, 200, 0, 0, 298, 373, 0.998883, 0.00309351, 0.0471526, -0.222886, -0.00317594, 0.999994, 0.0016734, 0.018328, -0.0471471, -0.00182129, 0.998886, -0.0328816, 1372.03, 1244.38, 774.488, 376.509
20, 336, 0, 0, 235, 743, 0.998585, -0.00438196, 0.0530024, -0.411018, 0.00427613, 0.999989, 0.00210999, 0.0167594, -0.053011, -0.00188036, 0.998592, -0.0673343, 1372.03, 1244.38, 774.487, 376.509
21, 359, 0, 0, 140, 613, 0.998746, 0.00459012, 0.0498506, -0.431163, -0.00469238, 0.999987, 0.00193433, 0.0157027, -0.0498411, -0.00216582, 0.998755, -0.0639986, 1372.03, 1244.38, 774.487, 376.509
22, 373, 0, 0, 199, 691, 0.99886, 0.0039404, 0.0475695, -0.450257, -0.00429217, 0.999964, 0.00729497, 0.0148446, -0.0475391, -0.00749084, 0.998841, -0.0639685, 1372.03, 1244.38, 774.487, 376.509
23, 386, 0, 0, 225, 669, 0.998805, 0.000461394, 0.0488807, -0.470526, -0.000998853, 0.999939, 0.0109714, 0.0138873, -0.0488727, -0.0110071, 0.998744, -0.0686489, 1372.03, 1244.38, 774.487, 376.509
24, 402, 0, 0, 221, 663, 0.998386, 0.00666068, 0.0563988, -0.491693, -0.00710729, 0.999945, 0.00772187, 0.0167929, -0.0563443, -0.00811025, 0.998378, -0.0726227, 1372.03, 1244.38, 774.487, 376.509
25, 443, 0, 0, 178, 443, 0.99958, 0.0252922, 0.0141412, -0.495329, -0.02558, 0.999461, 0.0205537, 0.0175377, -0.0136137, -0.0209068, 0.999689, -0.0652088, 1372.03, 1244.38, 774.487, 376.51
15, 261, 0, 0, 313, 308, 0.996907, -0.0051989, 0.0784201, -0.307274, 0.00596958, 0.999936, -0.00959623, 0.0229875, -0.0783652, 0.0100347, 0.996874, -0.0513004, 1372.03, 1244.38, 774.487, 376.51
27, 462, 0, 0, 346, 678, 0.999842, 0.0138274, 0.0111791, -0.543457, -0.014077, 0.999646, 0.0225677, 0.0129256, -0.0108631, -0.0227215, 0.999683, -0.0531285, 1372.03, 1244.38, 774.487, 376.51
28, 473, 0, 0, 334, 708, 0.999831, 0.0080233, 0.0165543, -0.565373, -0.00840355, 0.999699, 0.0230298, 0.0121541, -0.0163646, -0.023165, 0.999598, -0.0523811, 1372.03, 1244.38, 774.488, 376.51
29, 484, 0, 0, 339, 743, 0.999787, 0.00231679, 0.0205171, -0.586198, -0.00276009, 0.999763, 0.0216047, 0.0139702, -0.0204622, -0.0216568, 0.999556, -0.0527353, 1372.03, 1244.38, 774.488, 376.51
30, 505, 0, 0, 282, 667, 0.999875, 0.0127485, 0.00932171, -0.605254, -0.0129209, 0.999742, 0.0186784, 0.0142998, -0.00908118, -0.0187965, 0.999782, -0.0576729, 1372.03, 1244.38, 774.487, 376.51
31, 542, 0, 0, 268, 493, 0.999659, 0.0259755, -0.00250527, -0.624149, -0.0258819, 0.99915, 0.0320818, 0.013173, 0.00333648, -0.032006, 0.999482, -0.0580778, 1372.03, 1244.38, 774.488, 376.51
32, 554, 0, 0, 291, 330, 0.999585, 0.0283399, 0.005137, -0.645381, -0.0285285, 0.998736, 0.0413866, 0.0178793, -0.00395761, -0.041516, 0.99913, -0.0582117, 1372.03, 1244.38, 774.488, 376.51
33, 590, 0, 0, 191, 54, 0.99973, 0.0196031, 0.0124648, -0.658873, -0.0203667, 0.997715, 0.064419, 0.0305002, -0.0111735, -0.0646555, 0.997845, -0.070202, 1372.03, 1244.38, 774.488, 376.511
0, 0, 0, 0, 1491, 0, 1, -4.41413e-05, 7.92261e-05, 6.17424e-05, 4.41425e-05, 1, -1.55894e-05, 2.65014e-05, -7.92254e-05, 1.55929e-05, 1, -4.45329e-05, 1372.03, 1244.38, 774.488, 376.51
35, 665, 0, 0, 314, 0, 0.999963, 0.00839433, 0.00187951, -0.65991, -0.0085923, 0.985147, 0.171496, 0.0419562, -0.000411995, -0.171506, 0.985183, -0.0747903, 1372.03, 1244.38, 774.487, 376.51
7, 149, 0, 0, 580, 0, 0.999849, 0.0096503, -0.0144321, -0.13962, -0.00964459, 0.999953, 0.000465065, 0.0176706, 0.0144359, -0.000325804, 0.999896, -0.0463684, 1372.03, 1244.38, 774.487, 376.51
19, 319, 0, 0, 484, 0, 0.99879, -0.000598384, 0.0491696, -0.391534, 0.000474602, 0.999997, 0.00252909, 0.0168858, -0.0491709, -0.00250269, 0.998787, -0.0689401, 1372.03, 1244.38, 774.487, 376.51
26, 452, 0, 0, 441, 0, 0.999741, 0.0198001, 0.0112137, -0.521216, -0.0200286, 0.999586, 0.0206491, 0.0152068, -0.0108002, -0.0208684, 0.999724, -0.0569674, 1372.03, 1244.38, 774.487, 376.509
37, 749, 0, 0, 555, 0, 0.999249, 0.0011856, 0.0387345, -0.657426, -0.0117637, 0.961647, 0.274038, 0.050896, -0.036924, -0.274288, 0.960938, -0.0713386, 1372.03, 1244.38, 774.487, 376.509
38, 785, 0, 0, 359, 0, 0.996818, -0.00760295, 0.0793441, -0.656505, -0.0187365, 0.945197, 0.325962, 0.0558598, -0.0774741, -0.326412, 0.942047, -0.0630155, 1372.03, 1244.38, 774.487, 376.509
36, 703, 0, 0, 368, 0, 0.999997, 0.000992065, 0.00211251, -0.658759, -0.00145306, 0.972973, 0.230913, 0.0432633, -0.00182633, -0.230915, 0.972972, -0.0709204, 1372.03, 1244.38, 774.487, 376.51
40, 909, 0, 0, 583, 0, 0.999631, -0.0261434, 0.00732006, -0.648638, 0.0220462, 0.939038, 0.343105, 0.0965706, -0.0158438, -0.342818, 0.939268, -0.065111, 1372.03, 1244.38, 774.487, 376.51
42, 986, 0, 0, 392, 4, 0.999997, -0.00193442, -0.00174577, -0.629109, 0.00242539, 0.9359, 0.352259, 0.143382, 0.00095245, -0.352262, 0.935901, -0.0416408, 1372.03, 1244.38, 774.487, 376.51
43, 1011, 0, 0, 451, 13, 0.999972, -0.0068502, 0.0028704, -0.59936, 0.00539183, 0.935319, 0.353763, 0.148906, -0.00510809, -0.353738, 0.935331, -0.0451018, 1372.03, 1244.38, 774.487, 376.51
39, 857, 0, 0, 432, 0, 0.999154, -0.0247585, 0.0328448, -0.650465, 0.0125903, 0.944308, 0.328821, 0.069526, -0.0391567, -0.328129, 0.943821, -0.0653072, 1372.03, 1244.38, 774.487, 376.51
45, 1078, 0, 0, 414, 28, 0.999398, -0.0343263, 0.00496109, -0.547661, 0.0298749, 0.924661, 0.379617, 0.149187, -0.0176182, -0.37924, 0.92513, -0.026169, 1372.03, 1244.38, 774.487, 376.51
47, 1105, 0, 0, 523, 40, 0.99963, -0.0254254, -0.00961407, -0.493357, 0.0271678, 0.922915, 0.384043, 0.150841, -0.000891483, -0.384162, 0.923265, -0.0274954, 1372.03, 1244.38, 774.487, 376.509
46, 1093, 0, 0, 465, 7, 0.999474, -0.0311953, -0.00884193, -0.517355, 0.0322192, 0.924902, 0.378837, 0.151718, -0.00364001, -0.378923, 0.925421, -0.0265827, 1372.03, 1244.38, 774.487, 376.509
49, 1136, 0, 0, 581, 25, 0.997667, -0.0627792, 0.026806, -0.46869, 0.0464249, 0.911893, 0.407793, 0.160255, -0.0500451, -0.405598, 0.912681, 0.0319205, 1372.03, 1244.38, 774.487, 376.509
41, 933, 0, 0, 634, 0, 0.999695, -0.024681, 0.00101957, -0.634157, 0.0228354, 0.939102, 0.342879, 0.13384, -0.00942008, -0.342751, 0.939379, -0.0512209, 1372.03, 1244.38, 774.486, 376.509
34, 631, 0, 0, 210, 0, 0.999906, 0.0109362, 0.0082965, -0.662395, -0.0118155, 0.993338, 0.114627, 0.0382454, -0.00698765, -0.114714, 0.993374, -0.0763653, 1372.03, 1244.38, 774.486, 376.509
51, 1183, 0, 0, 516, 27, 0.998401, -0.027555, 0.049357, -0.474842, 0.00271354, 0.895501, 0.445051, 0.181619, -0.0564626, -0.444205, 0.894144, 0.105981, 1372.03, 1244.38, 774.486, 376.509
52, 1199, 0, 0, 644, 50, 0.998994, -0.0203538, 0.0399613, -0.4583, -0.000226327, 0.888775, 0.458343, 0.182898, -0.0448456, -0.457891, 0.887876, 0.126578, 1372.03, 1244.38, 774.486, 376.509
54, 1242, 0, 0, 351, 310, 0.999166, -0.0186352, 0.0363328, -0.429977, -0.00147317, 0.872758, 0.488152, 0.18074, -0.0408065, -0.487798, 0.872002, 0.166749, 1372.03, 1244.38, 774.486, 376.509
55, 1256, 0, 0, 312, 256, 0.999048, -0.0269112, 0.0343306, -0.415418, 0.00609971, 0.86547, 0.500923, 0.179618, -0.0431925, -0.500237, 0.864811, 0.179332, 1372.03, 1244.38, 774.486, 376.509
50, 1148, 0, 0, 606, 12, 0.996153, -0.0686591, 0.0544498, -0.472978, 0.0394599, 0.906269, 0.420855, 0.163896, -0.0782417, -0.417088, 0.905492, 0.0635422, 1372.03, 1244.38, 774.487, 376.509
57, 1280, 0, 0, 386, 170, 0.998282, -0.0340671, 0.0476808, -0.386235, 0.00521329, 0.862061, 0.506778, 0.180156, -0.0583682, -0.505659, 0.860757, 0.212799, 1372.03, 1244.38, 774.487, 376.509
58, 1288, 0, 0, 507, 131, 0.997788, -0.0369305, 0.0552748, -0.369092, 0.00329793, 0.857966, 0.513696, 0.17884, -0.0663949, -0.512378, 0.85619, 0.222288, 1372.03, 1244.38, 774.487, 376.509
59, 1297, 0, 0, 401, 39, 0.996763, -0.0508975, 0.0622268, -0.353298, 0.0107869, 0.851729, 0.523872, 0.176016, -0.0796642, -0.521505, 0.849521, 0.228093, 1372.03, 1244.38, 774.487, 376.509
60, 1317, 0, 0, 438, 35, 0.997385, -0.0488037, 0.0533097, -0.338092, 0.0129127, 0.846049, 0.532949, 0.173522, -0.0711125, -0.530867, 0.844466, 0.229733, 1372.03, 1244.38, 774.487, 376.509
61, 1328, 0, 0, 438, 31, 0.998275, -0.0384093, 0.0443976, -0.320928, 0.00898716, 0.84734, 0.530975, 0.171724, -0.0580143, -0.529661, 0.846223, 0.2282, 1372.03, 1244.38, 774.487, 376.509
62, 1339, 0, 0, 493, 40, 0.998423, -0.0406578, 0.0387175, -0.304879, 0.0141185, 0.849278, 0.527758, 0.170074, -0.0543394, -0.526379, 0.848512, 0.225857, 1372.03, 1244.38, 774.487, 376.509
63, 1349, 0, 0, 597, 42, 0.998625, -0.0404806, 0.0333019, -0.28959, 0.0169884, 0.850957, 0.524961, 0.169079, -0.0495892, -0.523674, 0.850474, 0.222619, 1372.03, 1244.38, 774.487, 376.509
64, 1361, 0, 0, 630, 84, 0.999069, -0.0335158, 0.0271739, -0.274071, 0.0143821, 0.852444, 0.522621, 0.168342, -0.0406803, -0.521743, 0.852132, 0.216864, 1372.03, 1244.38, 774.487, 376.509
65, 1374, 0, 0, 534, 108, 0.99939, -0.0282118, 0.0205703, -0.259248, 0.0133056, 0.852437, 0.522661, 0.168812, -0.0322801, -0.522069, 0.852292, 0.210108, 1372.03, 1244.38, 774.487, 376.509
66, 1397, 0, 0, 500, 42, 0.999769, -0.0196162, 0.00881494, -0.243812, 0.0121219, 0.852583, 0.522452, 0.168398, -0.017764, -0.522224, 0.852623, 0.20513, 1372.03, 1244.38, 774.487, 376.509
67, 1427, 0, 0, 331, 27, 0.999816, -0.0180835, 0.00644918, -0.259238, 0.0120128, 0.851261, 0.524605, 0.164666, -0.0149766, -0.524431, 0.851322, 0.207503, 1372.03, 1244.38, 774.487, 376.509
68, 1440, 0, 0, 366, 25, 0.999663, -0.0218621, 0.0139713, -0.274355, 0.0112681, 0.850891, 0.525221, 0.162554, -0.0233705, -0.524887, 0.850851, 0.210756, 1372.03, 1244.38, 774.487, 376.509
69, 1449, 0, 0, 412, 20, 0.999491, -0.025166, 0.0195895, -0.290804, 0.0110842, 0.850081, 0.526536, 0.162584, -0.0299035, -0.526051, 0.849927, 0.21646, 1372.03, 1244.38, 774.487, 376.509
70, 1456, 0, 0, 401, 15, 0.999162, -0.0315326, 0.0261079, -0.306714, 0.0129919, 0.849012, 0.528214, 0.161692, -0.0388219, -0.527432, 0.84871, 0.223659, 1372.03, 1244.38, 774.487, 376.509
71, 1462, 0, 0, 536, 24, 0.998711, -0.0376049, 0.0340927, -0.321952, 0.0138664, 0.848243, 0.529426, 0.161614, -0.0488279, -0.528271, 0.847671, 0.230808, 1372.03, 1244.38, 774.487, 376.509
72, 1469, 0, 0, 515, 17, 0.998142, -0.0410715, 0.045, -0.337956, 0.0110007, 0.847968, 0.529934, 0.161369, -0.0599237, -0.528455, 0.846844, 0.236497, 1372.03, 1244.38, 774.487, 376.509
73, 1481, 0, 0, 818, 19, 0.997879, -0.036082, 0.054186, -0.351386, 0.00235611, 0.85182, 0.523829, 0.159653, -0.0650575, -0.522591, 0.850098, 0.234464, 1372.03, 1244.38, 774.487, 376.509
74, 1496, 0, 0, 790, 56, 0.998351, -0.0346008, 0.0457966, -0.358007, 0.00638622, 0.859883, 0.510451, 0.154564, -0.0570417, -0.509317, 0.858686, 0.209973, 1372.03, 1244.38, 774.486, 376.509
75, 1507, 0, 0, 665, 56, 0.998547, -0.041223, 0.0346996, -0.364602, 0.0181479, 0.863647, 0.50377, 0.153725, -0.0507352, -0.502408, 0.863141, 0.18724, 1372.03, 1244.38, 774.486, 376.509
76, 1523, 0, 0, 397, 19, 0.997485, -0.0620693, 0.0342284, -0.378059, 0.0373242, 0.870473, 0.490799, 0.14916, -0.0602585, -0.488287, 0.8706, 0.16803, 1372.03, 1244.38, 774.486, 376.508
77, 1531, 0, 0, 331, 11, 0.995697, -0.0778602, 0.0502615, -0.393317, 0.0439723, 0.874335, 0.483327, 0.144901, -0.0815773, -0.479037, 0.873996, 0.163935, 1372.03, 1244.38, 774.486, 376.508
78, 1538, 0, 0, 625, 26, 0.99405, -0.0847806, 0.0683805, -0.411475, 0.0420214, 0.877709, 0.477349, 0.140964, -0.100488, -0.471635, 0.876049, 0.160068, 1372.03, 1244.38, 774.486, 376.508
79, 1545, 0, 0, 754, 14, 0.99316, -0.0804726, 0.0846061, -0.430138, 0.0310337, 0.880443, 0.473135, 0.137801, -0.112565, -0.467273, 0.876918, 0.15468, 1372.03, 1244.38, 774.486, 376.508
80, 1554, 0, 0, 774, 35, 0.993659, -0.0610652, 0.0944039, -0.44867, 0.00946571, 0.882105, 0.470958, 0.138417, -0.112033, -0.467078, 0.87709, 0.145631, 1372.03, 1244.38, 774.487, 376.508
81, 1567, 0, 0, 668, 57, 0.995677, -0.033263, 0.0867229, -0.463605, -0.0109998, 0.88488, 0.46569, 0.132781, -0.0922296, -0.464631, 0.880688, 0.125115, 1372.03, 1244.38, 774.487, 376.508
82, 1585, 0, 0, 457, 15, 0.995812, -0.0164038, 0.0899367, -0.478105, -0.0254995, 0.894888, 0.445561, 0.129581, -0.0877922, -0.445988, 0.890723, 0.101457, 1372.03, 1244.38, 774.487, 376.508
83, 1597, 0, 0, 276, 5, 0.99389, -0.021362, 0.108287, -0.494766, -0.0277391, 0.901259, 0.432392, 0.123903, -0.106831, -0.432754, 0.89516, 0.094379, 1372.03, 1244.38, 774.487, 376.508
84, 1605, 0, 0, 332, 3, 0.993035, -0.0306724, 0.113757, -0.513955, -0.0206294, 0.905339, 0.424189, 0.121741, -0.116, -0.423581, 0.8984, 0.0937532, 1372.03, 1244.38, 774.487, 376.508
85, 1613, 0, 0, 589, 8, 0.992526, -0.0397773, 0.115365, -0.535961, -0.0124312, 0.907507, 0.419853, 0.117341, -0.121395, -0.41815, 0.90023, 0.0901897, 1372.03, 1244.38, 774.487, 376.508
86, 1621, 0, 0, 728, 3, 0.992066, -0.0494042, 0.115606, -0.556901, -0.00352164, 0.90827, 0.41837, 0.112715, -0.12567, -0.415458, 0.900889, 0.0842724, 1372.03, 1244.38, 774.487, 376.508
53, 1223, 0, 0, 703, 0, 0.999004, -0.0209749, 0.0393723, -0.43891, -0.000251159, 0.879915, 0.475131, 0.180924, -0.0446101, -0.474668, 0.879034, 0.148045, 1372.03, 1244.38, 774.487, 376.508
88, 1646, 0, 0, 725, 13, 0.992428, -0.0346417, 0.117841, -0.597313, -0.0186344, 0.905834, 0.423222, 0.111239, -0.121405, -0.422214, 0.89833, 0.0532788, 1372.03, 1244.38, 774.487, 376.508
89, 1674, 0, 0, 339, 6, 0.996034, -0.0101692, 0.0883895, -0.613298, -0.0277657, 0.908306, 0.417384, 0.100953, -0.0845292, -0.418183, 0.904421, 0.029579, 1372.03, 1244.38, 774.487, 376.508
90, 1683, 0, 0, 362, 7, 0.997292, -0.0129399, 0.0723895, -0.632517, -0.0184544, 0.908855, 0.416703, 0.0982455, -0.0711837, -0.41691, 0.906156, 0.0261634, 1372.03, 1244.38, 774.487, 376.508
91, 1690, 0, 0, 369, 3, 0.99786, -0.0176635, 0.0629609, -0.653948, -0.0103, 0.908352, 0.41808, 0.0977978, -0.0645754, -0.417834, 0.906226, 0.0250283, 1372.03, 1244.38, 774.487, 376.508
92, 1697, 0, 0, 446, 6, 0.997972, -0.0228357, 0.0594238, -0.676338, -0.00413742, 0.908209, 0.418496, 0.0968804, -0.0635258, -0.417893, 0.906273, 0.022336, 1372.03, 1244.38, 774.487, 376.508
93, 1705, 0, 0, 517, 1, 0.997603, -0.027169, 0.0636404, -0.696937, -0.0019842, 0.908086, 0.418778, 0.0987724, -0.0691688, -0.417901, 0.905856, 0.0207779, 1372.03, 1244.38, 774.487, 376.508
94, 1716, 0, 0, 550, 0, 0.996831, -0.0238824, 0.0758796, -0.716764, -0.00993578, 0.909021, 0.416633, 0.0992015, -0.0789263, -0.416066, 0.905903, 0.0199075, 1372.03, 1244.38, 774.487, 376.509
95, 1758, 0, 0, 276, 0, 0.998553, -0.00103191, 0.053772, -0.729786, -0.0216935, 0.907144, 0.42026, 0.094552, -0.0492127, -0.420818, 0.905809, 0.00452073, 1372.03, 1244.38, 774.487, 376.509
96, 1767, 0, 0, 333, 0, 0.998923, -0.00802285, 0.045705, -0.753874, -0.0114531, 0.911844, 0.410377, 0.0919769, -0.0449682, -0.410459, 0.91077, 0.00576704, 1372.03, 1244.38, 774.487, 376.509
48, 1119, 0, 0, 509, 0, 0.999429, -0.0333063, -0.00565443, -0.465755, 0.0328427, 0.918697, 0.393594, 0.151592, -0.00791447, -0.393555, 0.919267, -0.0129962, 1372.03, 1244.38, 774.487, 376.509
98, 1782, 0, 0, 385, 0, 0.998837, -0.02035, 0.0437081, -0.7967, 0.00184674, 0.922041, 0.387088, 0.0924186, -0.0481779, -0.386558, 0.921006, 0.00431557, 1372.03, 1244.38, 774.487, 376.509
44, 1060, 0, 0, 495, 0, 0.999317, -0.0340329, 0.014398, -0.571317, 0.0262103, 0.927442, 0.373048, 0.152746, -0.0260492, -0.372416, 0.9277, -0.0256036, 1372.03, 1244.38, 774.487, 376.509
99, 1792, 0, 0, 527, 0, 0.998172, -0.026874, 0.0541259, -0.818278, 0.00525019, 0.930854, 0.365355, 0.0893453, -0.0602019, -0.364403, 0.929293, -0.00367577, 1372.03, 1244.38, 774.487, 376.509
101, 1842, 0, 0, 422, 0, 0.99934, -0.00544933, 0.0359161, -0.858149, -0.00646419, 0.946231, 0.323428, 0.0795643, -0.0357474, -0.323446, 0.945571, -0.0355672, 1372.03, 1244.38, 774.487, 376.509
102, 1851, 0, 0, 301, 0, 0.999583, -0.0118297, 0.0263606, -0.878687, 0.00248737, 0.944188, 0.329397, 0.0784449, -0.028786, -0.329194, 0.943823, -0.0480275, 1372.03, 1244.38, 774.487, 376.508
103, 1860, 0, 0, 365, 0, 0.999499, -0.0195705, 0.0248838, -0.896945, 0.0100305, 0.941302, 0.337418, 0.0754167, -0.0300266, -0.336999, 0.941026, -0.0538378, 1372.03, 1244.38, 774.487, 376.508
104, 1867, 0, 0, 294, 0, 0.998852, -0.0284618, 0.0385386, -0.908385, 0.0138072, 0.941292, 0.337311, 0.0714629, -0.0458765, -0.336391, 0.940604, -0.0616334, 1372.03, 1244.38, 774.487, 376.508
105, 1880, 0, 0, 413, 0, 0.99647, -0.0360996, 0.0757909, -0.924882, 0.00972514, 0.946382, 0.322904, 0.0662815, -0.0833838, -0.321027, 0.943392, -0.0767876, 1372.03, 1244.38, 774.487, 376.508
97, 1774, 0, 0, 443, 0, 0.999143, -0.0138994, 0.0389779, -0.772578, -0.00282088, 0.916837, 0.399251, 0.0931498, -0.0412858, -0.399019, 0.916013, 0.00588918, 1372.03, 1244.38, 774.487, 376.509
107, 1920, 0, 0, 448, 0, 0.998278, -0.0224026, 0.0542185, -0.971225, 0.00509587, 0.953834, 0.300291, 0.0611514, -0.0584427, -0.299497, 0.952306, -0.0724898, 1372.03, 1244.38, 774.487, 376.508
108, 1930, 0, 0, 428, 0, 0.998693, -0.0225101, 0.0458915, -0.997389, 0.00760655, 0.953263, 0.302047, 0.0611533, -0.0505458, -0.301303, 0.952188, -0.0756325, 1372.03, 1244.38, 774.487, 376.508
56, 1269, 0, 0, 479, 0, 0.998612, -0.0380329, 0.0364239, -0.39626, 0.0143361, 0.861881, 0.506908, 0.179048, -0.0506722, -0.505682, 0.86123, 0.196069, 1372.03, 1244.38, 774.487, 376.508
110, 1966, 0, 0, 424, 0, 0.999957, -0.00605669, 0.00705687, -1.04241, 0.00350864, 0.948464, 0.316864, 0.0627985, -0.00861233, -0.316826, 0.948445, -0.0806559, 1372.03, 1244.38, 774.487, 376.508
111, 1994, 0, 0, 476, 0, 0.999252, -0.00673788, -0.0380708, -1.05336, 0.0185656, 0.947361, 0.319628, 0.0582954, 0.0339132, -0.320095, 0.946778, -0.0737075, 1372.03, 1244.38, 774.487, 376.508
112, 2004, 0, 0, 464, 0, 0.998983, -0.0150864, -0.042482, -1.08359, 0.0279196, 0.946915, 0.320268, 0.0551214, 0.0353951, -0.321129, 0.946374, -0.0728558, 1372.03, 1244.38, 774.487, 376.508
106, 1911, 0, 0, 407, 0, 0.997875, -0.0229114, 0.061, -0.940507, 0.00371893, 0.954645, 0.297725, 0.0641945, -0.0650546, -0.296865, 0.952701, -0.07312, 1372.03, 1244.38, 774.487, 376.508
113, 2014, 0, 0, 414, 0, 0.998877, -0.0231304, -0.04134, -1.11451, 0.0352204, 0.946226, 0.321584, 0.0542982, 0.0316786, -0.322679, 0.945978, -0.0737759, 1372.03, 1244.38, 774.486, 376.508
115, 2067, 0, 0, 429, 0, 0.998369, -0.00563144, -0.0568152, -1.1609, 0.0223583, 0.954209, 0.298305, 0.0459158, 0.0525336, -0.299089, 0.952778, -0.100587, 1372.03, 1244.38, 774.486, 376.508
87, 1630, 0, 0, 714, 0, 0.991231, -0.0545377, 0.120365, -0.577712, -0.000966195, 0.907845, 0.419305, 0.112647, -0.13214, -0.415744, 0.899831, 0.0739017, 1372.03, 1244.38, 774.486, 376.508
117, 2101, 0, 0, 255, 0, 0.997252, -0.00964389, -0.073455, -1.17856, 0.0245155, 0.97859, 0.204353, 0.030318, 0.0699116, -0.205592, 0.976137, -0.105449, 1372.03, 1244.38, 774.486, 376.508
118, 2134, 0, 0, 364, 0, 0.996394, -0.00829315, -0.0844384, -1.17794, 0.0208456, 0.988635, 0.148884, 0.0174494, 0.082244, -0.150108, 0.985243, -0.106444, 1372.03, 1244.38, 774.486, 376.508
119, 2152, 0, 0, 300, 0, 0.995144, -0.00857078, -0.098055, -1.17797, 0.0180522, 0.995196, 0.0962207, 0.00753366, 0.0967593, -0.0975236, 0.990518, -0.104882, 1372.03, 1244.38, 774.486, 376.508
120, 2206, 0, 0, 312, 0, 0.99411, -0.0162176, -0.107154, -1.18215, 0.0228102, 0.997902, 0.0605884, 0.00624689, 0.105946, -0.0626757, 0.992395, -0.0992293, 1372.03, 1244.38, 774.486, 376.508
121, 2234, 0, 0, 484, 0, 0.994344, -0.00869191, -0.105848, -1.19076, 0.020767, 0.993319, 0.113518, 0.0160333, 0.104155, -0.115074, 0.987881, -0.093768, 1372.03, 1244.38, 774.486, 376.508
116, 2088, 0, 0, 280, 0, 0.997822, -0.00674353, -0.0656216, -1.17648, 0.0234601, 0.966005, 0.257457, 0.0406108, 0.0616546, -0.258436, 0.964059, -0.104521, 1372.03, 1244.38, 774.486, 376.508
122, 2265, 0, 0, 412, 0, 0.996111, -0.012453, -0.0872208, -1.20091, 0.0269581, 0.985561, 0.167163, 0.0238826, 0.0838797, -0.168864, 0.982064, -0.0834887, 1372.03, 1244.38, 774.487, 376.508
123, 2284, 0, 0, 612, 0, 0.99644, -0.0129852, -0.0833008, -1.21151, 0.0305269, 0.976591, 0.212926, 0.0303464, 0.0785859, -0.214711, 0.973511, -0.0565996, 1372.03, 1244.38, 774.487, 376.508
125, 2314, 0, 0, 456, 0, 0.993961, -0.016424, -0.108499, -1.24077, 0.0448978, 0.963057, 0.265528, 0.0424133, 0.100129, -0.268796, 0.957979, 0.0103787, 1372.03, 1244.38, 774.486, 376.508
124, 2300, 0, 0, 426, 0, 0.99437, -0.0164588, -0.104674, -1.22635, 0.042914, 0.965773, 0.255814, 0.0357559, 0.0968807, -0.258866, 0.961042, -0.0230893, 1372.03, 1244.38, 774.487, 376.508
126, 2330, 0, 0, 368, 0, 0.995676, -0.0204685, -0.0906087, -1.2544, 0.044518, 0.961253, 0.272049, 0.0508001, 0.0815294, -0.274907, 0.958008, 0.0451874, 1372.03, 1244.38, 774.487, 376.508
128, 2359, 0, 0, 476, 0, 0.996626, -0.0398951, -0.0717275, -1.30446, 0.0590363, 0.955569, 0.288796, 0.0773817, 0.057019, -0.292056, 0.9547, 0.144896, 1372.03, 1244.38, 774.487, 376.508
109, 1941, 0, 0, 445, 0, 0.999067, -0.0244126, 0.0356168, -1.02059, 0.0124005, 0.952306, 0.304892, 0.0636401, -0.0413613, -0.304166, 0.951721, -0.0779918, 1372.03, 1244.38, 774.487, 376.508
129, 2378, 0, 0, 356, 0, 0.996809, -0.03008, -0.0739428, -1.33264, 0.0516263, 0.949419, 0.30974, 0.0906596, 0.0608858, -0.312569, 0.947942, 0.194999, 1372.03, 1244.38, 774.487, 376.508
100, 1827, 0, 0, 359, 0, 0.999395, -0.0173309, 0.0301465, -0.833906, 0.0059593, 0.939484, 0.34254, 0.0808728, -0.0342587, -0.342153, 0.93902, -0.0315292, 1372.03, 1244.38, 774.487, 376.508
131, 2404, 0, 0, 561, 0, 0.998807, -0.0104896, -0.0476934, -1.378, 0.0245135, 0.952388, 0.303901, 0.100263, 0.0422348, -0.304708, 0.951509, 0.295658, 1372.03, 1244.38, 774.487, 376.508
133, 2421, 0, 0, 611, 4, 0.999874, -0.0134704, -0.00836796, -1.41446, 0.0154946, 0.942188, 0.334726, 0.0979519, 0.00337532, -0.334813, 0.942278, 0.349514, 1372.03, 1244.38, 774.487, 376.508
134, 2427, 0, 0, 539, 71, 0.99948, -0.0283257, 0.0153901, -1.43479, 0.0212721, 0.938232, 0.345353, 0.0926365, -0.0242219, -0.344846, 0.938347, 0.363114, 1372.03, 1244.38, 774.487, 376.508
135, 2433, 0, 0, 438, 40, 0.998424, -0.0430322, 0.0360113, -1.45569, 0.0275975, 0.935372, 0.352588, 0.0885046, -0.0488566, -0.351038, 0.935086, 0.376252, 1372.03, 1244.38, 774.487, 376.508
114, 2026, 0, 0, 500, 0, 0.998751, -0.0290521, -0.0406554, -1.14325, 0.0407225, 0.944734, 0.325299, 0.053979, 0.0289579, -0.326548, 0.944737, -0.0740617, 1372.03, 1244.38, 774.487, 376.508
137, 2446, 0, 0, 508, 103, 0.9975, -0.0514217, 0.0484802, -1.50542, 0.0309496, 0.934558, 0.354462, 0.0820521, -0.0635347, -0.352076, 0.933813, 0.387616, 1372.03, 1244.38, 774.487, 376.508
138, 2453, 0, 0, 592, 108, 0.997861, -0.050754, 0.0411931, -1.52999, 0.0329588, 0.934869, 0.353459, 0.0781419, -0.0564496, -0.351345, 0.934543, 0.39611, 1372.03, 1244.38, 774.487, 376.508
132, 2414, 0, 0, 605, 0, 0.999525, -0.00427537, -0.0305355, -1.39215, 0.0138859, 0.946642, 0.321989, 0.101702, 0.0275296, -0.32226, 0.946251, 0.331522, 1372.03, 1244.38, 774.487, 376.508
139, 2461, 0, 0, 560, 58, 0.997989, -0.0544457, 0.0324516, -1.55342, 0.0398478, 0.937101, 0.346777, 0.0788338, -0.049291, -0.344787, 0.937386, 0.413742, 1372.03, 1244.38, 774.487, 376.508
141, 2476, 0, 0, 598, 143, 0.998012, -0.0554085, 0.0300428, -1.60391, 0.0425478, 0.943911, 0.327448, 0.0796213, -0.0465011, -0.325519, 0.944391, 0.446871, 1372.03, 1244.38, 774.487, 376.509
142, 2485, 0, 0, 453, 95, 0.997996, -0.0443766, 0.0450997, -1.62822, 0.0275621, 0.946529, 0.32144, 0.0791642, -0.0569525, -0.319553, 0.945855, 0.463429, 1372.03, 1244.38, 774.487, 376.509
143, 2493, 0, 0, 452, 74, 0.995956, -0.0461019, 0.0771088, -1.6483, 0.0189196, 0.946677, 0.321629, 0.0800954, -0.0878248, -0.31887, 0.943721, 0.477924, 1372.03, 1244.38, 774.487, 376.509
144, 2499, 0, 0, 552, 119, 0.992073, -0.0607628, 0.109998, -1.6694, 0.0225111, 0.9471, 0.320148, 0.0828021, -0.123633, -0.315134, 0.94096, 0.490951, 1372.03, 1244.38, 774.487, 376.509
145, 2504, 0, 0, 602, 123, 0.987195, -0.0773937, 0.139489, -1.68997, 0.0294109, 0.947738, 0.317693, 0.0842799, -0.156786, -0.309522, 0.937877, 0.504803, 1372.03, 1244.38, 774.487, 376.509
146, 2509, 0, 0, 533, 105, 0.981858, -0.0928063, 0.165356, -1.71056, 0.036701, 0.948562, 0.314458, 0.0826778, -0.186034, -0.302684, 0.934759, 0.518875, 1372.03, 1244.38, 774.487, 376.509
147, 2514, 0, 0, 523, 81, 0.977464, -0.101862, 0.184899, -1.73078, 0.0404923, 0.950086, 0.309349, 0.0816654, -0.207181, -0.294891, 0.9328, 0.529506, 1372.03, 1244.38, 774.487, 376.509
136, 2439, 0, 0, 494, 1, 0.997696, -0.0507074, 0.0450788, -1.47357, 0.0316115, 0.935298, 0.352446, 0.0885973, -0.0600337, -0.350209, 0.934746, 0.384062, 1372.03, 1244.38, 774.487, 376.509
149, 2528, 0, 0, 535, 10, 0.976098, -0.089903, 0.197864, -1.7765, 0.0306703, 0.958299, 0.284118, 0.0782139, -0.215156, -0.271259, 0.938151, 0.544411, 1372.03, 1244.38, 774.487, 376.508
150, 2539, 0, 0, 495, 0, 0.980122, -0.0678112, 0.186447, -1.79449, 0.0208793, 0.969811, 0.242963, 0.0832026, -0.197294, -0.23424, 0.951949, 0.548014, 1372.03, 1244.38, 774.487, 376.508
151, 2552, 0, 0, 650, 1, 0.983021, -0.0534088, 0.175546, -1.80287, 0.0188102, 0.980993, 0.193128, 0.0763985, -0.182524, -0.186547, 0.965342, 0.559244, 1372.03, 1244.38, 774.487, 376.509
152, 2563, 0, 0, 728, 5, 0.985863, -0.0510371, 0.159592, -1.79487, 0.0259491, 0.987495, 0.1555, 0.0711928, -0.165533, -0.149161, 0.974859, 0.591674, 1372.03, 1244.38, 774.487, 376.509
153, 2575, 0, 0, 823, 6, 0.986566, -0.0612828, 0.151434, -1.78839, 0.0393784, 0.988848, 0.143627, 0.0631605, -0.158547, -0.135734, 0.977977, 0.628844, 1372.03, 1244.38, 774.487, 376.509
154, 2598, 0, 0, 954, 29, 0.986903, -0.0614178, 0.149163, -1.8021, 0.036307, 0.985529, 0.165574, 0.0637373, -0.157173, -0.15799, 0.974852, 0.682012, 1372.03, 1244.38, 774.487, 376.509
130, 2390, 0, 0, 459, 0, 0.997485, -0.0275594, -0.0652999, -1.34612, 0.0463878, 0.950425, 0.307474, 0.0883588, 0.0535889, -0.30973, 0.949313, 0.24284, 1372.03, 1244.38, 774.487, 376.509
127, 2344, 0, 0, 474, 0, 0.996528, -0.0292012, -0.0779639, -1.27181, 0.0497705, 0.95966, 0.276724, 0.0650907, 0.0667382, -0.279643, 0.957782, 0.0932471, 1372.03, 1244.38, 774.487, 376.509
157, 2628, 0, 0, 719, 344, 0.974976, -0.0778023, 0.20825, -1.84397, 0.0486458, 0.988722, 0.141639, 0.0550819, -0.216921, -0.127964, 0.967766, 0.772068, 1372.03, 1244.38, 774.487, 376.509
156, 2620, 0, 0, 903, 106, 0.97939, -0.0757312, 0.187241, -1.83316, 0.0474865, 0.987396, 0.150976, 0.057444, -0.196315, -0.138973, 0.970643, 0.757274, 1372.03, 1244.38, 774.487, 376.508
140, 2468, 0, 0, 699, 0, 0.997844, -0.0583946, 0.0299414, -1.57577, 0.0451372, 0.941927, 0.33277, 0.0846724, -0.0476346, -0.330701, 0.942533, 0.423944, 1372.03, 1244.38, 774.487, 376.508
159, 2654, 0, 0, 418, 163, 0.968547, -0.0730228, 0.237876, -1.85475, 0.0497869, 0.99351, 0.102272, 0.0403488, -0.2438, -0.0872118, 0.965896, 0.80419, 1372.03, 1244.38, 774.487, 376.508
162, 2697, 0, 0, 150, 161, 0.980267, -0.0469894, 0.192013, -1.83387, 0.0437672, 0.998821, 0.0209908, 0.00458977, -0.192773, -0.0121728, 0.981168, 0.826324, 1372.03, 1244.38, 774.487, 376.508
148, 2520, 0, 0, 466, 0, 0.974207, -0.102894, 0.200832, -1.75217, 0.037397, 0.951302, 0.305983, 0.0754102, -0.222536, -0.290581, 0.930613, 0.539387, 1372.03, 1244.38, 774.487, 376.509
164, 2726, 0, 0, 91, 47, 0.979963, -0.0353253, 0.19602, -1.83561, 0.0458867, 0.997714, -0.0496011, 0.0168397, -0.19382, 0.0576019, 0.979345, 0.826204, 1372.03, 1244.38, 774.487, 376.509
163, 2703, 0, 0, 504, 23, 0.980285, -0.0468568, 0.191952, -1.83502, 0.0460329, 0.998902, 0.00875186, 0.0223292, -0.192151, 0.000256798, 0.981365, 0.824826, 1372.03, 1244.38, 774.487, 376.509
161, 2682, 0, 0, 650, 31, 0.978659, -0.0502835, 0.199242, -1.83775, 0.0410472, 0.997894, 0.0502223, 0.0170041, -0.201347, -0.0409723, 0.978663, 0.826736, 1372.03, 1244.38, 774.487, 376.509
166, 2755, 0, 0, 692, 180, 0.980773, -0.0233607, 0.193751, -1.83266, 0.0453877, 0.99289, -0.11004, -0.00990798, -0.189803, 0.116718, 0.97486, 0.828658, 1372.03, 1244.38, 774.487, 376.509
167, 2779, 0, 0, 422, 95, 0.979676, -0.00612966, 0.200493, -1.83398, 0.0367252, 0.988118, -0.149242, -0.0217292, -0.197196, 0.153572, 0.968261, 0.826393, 1372.03, 1244.38, 774.487, 376.509
165, 2743, 0, 0, 456, 39, 0.980363, -0.0296645, 0.194959, -1.83546, 0.0461961, 0.995659, -0.0808029, 0.00320156, -0.191715, 0.0882225, 0.977477, 0.831539, 1372.03, 1244.38, 774.487, 376.509
169, 2830, 0, 0, 613, 324, 0.972223, -0.0230888, 0.232915, -1.83332, 0.0450906, 0.994958, -0.0895851, 0.0016627, -0.229673, 0.097599, 0.968362, 0.825348, 1372.03, 1244.38, 774.487, 376.509
170, 2843, 0, 0, 561, 382, 0.966136, -0.0253596, 0.256783, -1.82802, 0.0452996, 0.996373, -0.0720375, 0.0121399, -0.254024, 0.0812302, 0.963781, 0.824174, 1372.03, 1244.38, 774.487, 376.509
160, 2667, 0, 0, 464, 4, 0.972544, -0.0620872, 0.224285, -1.85137, 0.0459324, 0.996008, 0.0765456, 0.0297633, -0.228142, -0.064142, 0.971513, 0.815225, 1372.03, 1244.38, 774.487, 376.509
172, 2864, 0, 0, 497, 27, 0.966439, -0.0195331, 0.256154, -1.79317, 0.0368674, 0.99733, -0.0630448, 0.0260128, -0.254238, 0.0703726, 0.964578, 0.817613, 1372.03, 1244.38, 774.487, 376.509
173, 2876, 0, 0, 587, 0, 0.968656, -0.0222976, 0.247403, -1.78591, 0.0368628, 0.997839, -0.0543967, 0.0323341, -0.245655, 0.0618116, 0.967385, 0.819664, 1372.03, 1244.38, 774.487, 376.509
171, 2855, 0, 0, 580, 0, 0.965322, -0.0208958, 0.260225, -1.80872, 0.0392159, 0.997088, -0.0654089, 0.0194459, -0.258101, 0.0733456, 0.96333, 0.817536, 1372.03, 1244.38, 774.487, 376.509
175, 2911, 0, 0, 149, 0, 0.978349, -0.0246571, 0.205487, -1.78493, 0.0341064, 0.998511, -0.0425699, 0.0623491, -0.204132, 0.0486567, 0.977733, 0.824119, 1372.03, 1244.38, 774.487, 376.509
176, 2926, 0, 0, 336, 0, 0.977068, -0.0146708, 0.212423, -1.78506, 0.0171559, 0.999804, -0.00986017, 0.0742232, -0.212237, 0.0132784, 0.977128, 0.827203, 1372.03, 1244.38, 774.487, 376.509
178, 2943, 0, 0, 336, 0, 0.973842, -0.0296012, 0.225289, -1.78578, 0.0125353, 0.996967, 0.076808, 0.0850871, -0.22688, -0.0719748, 0.97126, 0.833159, 1372.03, 1244.38, 774.487, 376.509
155, 2609, 0, 0, 931, 0, 0.984143, -0.0689473, 0.16343, -1.82253, 0.0427492, 0.986399, 0.158712, 0.0606766, -0.172149, -0.149209, 0.973705, 0.724621, 1372.03, 1244.38, 774.487, 376.509
158, 2637, 0, 0, 589, 0, 0.970444, -0.0792472, 0.227944, -1.85836, 0.0510676, 0.99059, 0.126975, 0.0518261, -0.235862, -0.111582, 0.965359, 0.787342, 1372.03, 1244.38, 774.487, 376.509
168, 2811, 0, 0, 593, 0, 0.976476, -0.0229645, 0.214399, -1.83225, 0.0490109, 0.991925, -0.116973, -0.0108043, -0.209981, 0.12473, 0.969717, 0.827411, 1372.03, 1244.38, 774.487, 376.509
179, 2964, 0, 0, 433, 0, 0.974647, -0.0424886, 0.219679, -1.78742, 0.0169547, 0.993006, 0.116837, 0.0847183, -0.223107, -0.11015, 0.968551, 0.831348, 1372.03, 1244.38, 774.487, 376.509
180, 2977, 0, 0, 385, 0, 0.974689, -0.0702638, 0.212237, -1.78929, 0.0339611, 0.984845, 0.170081, 0.0889479, -0.220971, -0.158569, 0.962303, 0.832421, 1372.03, 1244.38, 774.487, 376.509
182, 3010, 0, 0, 703, 2, 0.980789, -0.0958091, 0.169923, -1.77687, 0.0450963, 0.958842, 0.280337, 0.102602, -0.189788, -0.267288, 0.944742, 0.856782, 1372.03, 1244.38, 774.487, 376.509
174, 2896, 0, 0, 78, 0, 0.975212, -0.029761, 0.219262, -1.78502, 0.0403168, 0.998225, -0.0438258, 0.0464246, -0.217568, 0.0515794, 0.974681, 0.821113, 1372.03, 1244.38, 774.487, 376.509
184, 3032, 0, 0, 628, 48, 0.985859, -0.105428, 0.13026, -1.77246, 0.0509517, 0.929083, 0.366344, 0.112979, -0.159645, -0.354526, 0.921317, 0.870166, 1372.03, 1244.38, 774.487, 376.509
185, 3044, 0, 0, 421, 9, 0.986165, -0.103633, 0.12938, -1.77308, 0.0420265, 0.911293, 0.409609, 0.119109, -0.160352, -0.398505, 0.90304, 0.873202, 1372.03, 1244.38, 774.487, 376.509
177, 2933, 0, 0, 251, 0, 0.975078, -0.0205414, 0.220909, -1.78626, 0.0141006, 0.999429, 0.0306933, 0.0800721, -0.221413, -0.0268135, 0.974811, 0.830789, 1372.03, 1244.38, 774.487, 376.508
188, 3075, 0, 0, 584, 0, 0.983806, -0.102957, 0.146714, -1.77321, 0.0198732, 0.87617, 0.481592, 0.134706, -0.178129, -0.470878, 0.864028, 0.878925, 1372.03, 1244.38, 774.487, 376.508
181, 2990, 0, 0, 633, 0, 0.976686, -0.0919561, 0.193979, -1.78368, 0.0478941, 0.974174, 0.220661, 0.0985783, -0.209261, -0.206226, 0.955866, 0.844146, 1372.03, 1244.38, 774.487, 376.508
191, 3116, 0, 0, 198, 92, 0.976625, -0.179264, 0.118604, -1.77163, 0.0684991, 0.782574, 0.618778, 0.136191, -0.203742, -0.59619, 0.776561, 0.881589, 1372.03, 1244.38, 774.487, 376.509
190, 3107, 0, 0, 401, 37, 0.978321, -0.172992, 0.113848, -1.77127, 0.0766388, 0.813142, 0.576998, 0.135724, -0.192391, -0.555765, 0.808772, 0.880736, 1372.03, 1244.38, 774.487, 376.509
183, 3020, 0, 0, 859, 0, 0.983213, -0.0997341, 0.152792, -1.77356, 0.046891, 0.947381, 0.316655, 0.109423, -0.176334, -0.304174, 0.936154, 0.864941, 1372.03, 1244.38, 774.487, 376.509
192, 3124, 0, 0, 350, 0, 0.976007, -0.183609, 0.117041, -1.77155, 0.0676965, 0.766766, 0.638348, 0.136304, -0.206949, -0.615108, 0.760798, 0.881708, 1372.03, 1244.38, 774.487, 376.509
189, 3094, 0, 0, 342, 0, 0.983547, -0.137809, 0.116803, -1.77183, 0.0577268, 0.852432, 0.519641, 0.135213, -0.171178, -0.504349, 0.846363, 0.88012, 1372.03, 1244.38, 774.487, 376.509
195, 3195, 0, 0, 339, 5, 0.980623, -0.17246, 0.0929272, -1.7731, 0.0662699, 0.738416, 0.671082, 0.139395, -0.184354, -0.65192, 0.735537, 0.886088, 1372.03, 1244.38, 774.487, 376.509
196, 3204, 0, 0, 230, 0, 0.97816, -0.172111, 0.116537, -1.7735, 0.0480006, 0.732562, 0.679006, 0.139255, -0.202235, -0.658583, 0.724824, 0.886032, 1372.03, 1244.38, 774.487, 376.508
194, 3159, 0, 0, 391, 0, 0.979126, -0.181475, 0.0915359, -1.77227, 0.0828986, 0.767747, 0.635368, 0.138178, -0.18558, -0.614517, 0.766765, 0.884219, 1372.03, 1244.38, 774.487, 376.508
193, 3149, 0, 0, 360, 0, 0.977698, -0.18439, 0.100536, -1.77175, 0.0784935, 0.764837, 0.639425, 0.136841, -0.194796, -0.617273, 0.762253, 0.882593, 1372.03, 1244.38, 774.487, 376.508
199, 3246, 0, 0, 246, 0, 0.956498, -0.159698, 0.244149, -1.77498, -0.045652, 0.744631, 0.665914, 0.134011, -0.288146, -0.648091, 0.704947, 0.881875, 1372.03, 1244.38, 774.487, 376.509
200, 3256, 0, 0, 42, 0, 0.950272, -0.164436, 0.26447, -1.77488, -0.0554734, 0.746274, 0.663323, 0.134389, -0.306441, -0.645009, 0.700041, 0.882234, 1372.03, 1244.38, 774.487, 376.509
201, 3272, 0, 0, 115, 4, 0.940815, -0.170235, 0.293065, -1.77256, -0.073155, 0.742318, 0.666042, 0.138047, -0.330932, -0.648062, 0.68593, 0.884872, 1372.03, 1244.38, 774.487, 376.509
202, 3284, 0, 0, 245, 7, 0.93641, -0.153892, 0.315364, -1.77219, -0.103914, 0.736787, 0.668092, 0.137579, -0.33517, -0.658378, 0.673943, 0.884431, 1372.03, 1244.38, 774.487, 376.509
203, 3296, 0, 0, 96, 6, 0.927711, -0.128807, 0.350373, -1.77187, -0.147548, 0.735632, 0.661116, 0.135815, -0.342902, -0.665021, 0.663449, 0.88295, 1372.03, 1244.38, 774.487, 376.509
198, 3233, 0, 0, 171, 1, 0.967235, -0.161478, 0.195911, -1.77437, -0.0135146, 0.73782, 0.674863, 0.13577, -0.253523, -0.655398, 0.711463, 0.883566, 1372.03, 1244.38, 774.487, 376.509
205, 3316, 0, 0, 217, 5, 0.887897, -0.122887, 0.443327, -1.77136, -0.219325, 0.734024, 0.642732, 0.132998, -0.404396, -0.667913, 0.624785, 0.880652, 1372.03, 1244.38, 774.487, 376.509
206, 3331, 0, 0, 214, 5, 0.864442, -0.128656, 0.485992, -1.77097, -0.247074, 0.733176, 0.633568, 0.131939, -0.43783, -0.667758, 0.602, 0.87989, 1372.03, 1244.38, 774.487, 376.509
207, 3344, 0, 0, 280, 9, 0.845074, -0.124498, 0.519952, -1.77085, -0.273278, 0.73529, 0.620216, 0.130498, -0.459531, -0.66622, 0.587352, 0.87887, 1372.03, 1244.38, 774.487, 376.509
208, 3360, 0, 0, 309, 0, 0.81907, -0.125163, 0.559874, -1.77097, -0.301328, 0.736596, 0.605498, 0.129429, -0.488187, -0.664651, 0.565608, 0.878093, 1372.03, 1244.38, 774.487, 376.509
209, 3366, 0, 0, 222, 36, 0.812215, -0.127326, 0.569293, -1.77117, -0.302019, 0.74314, 0.5971, 0.128959, -0.49909, -0.656911, 0.565135, 0.877914, 1372.03, 1244.38, 774.487, 376.509
210, 3374, 0, 0, 236, 2, 0.80216, -0.127254, 0.583392, -1.77131, -0.309523, 0.746894, 0.58851, 0.128381, -0.510622, -0.652653, 0.559741, 0.877565, 1372.03, 1244.38, 774.487, 376.509
211, 3384, 0, 0, 202, 1, 0.793476, -0.113562, 0.597913, -1.77139, -0.325301, 0.751183, 0.574373, 0.127386, -0.514369, -0.650252, 0.559103, 0.876793, 1372.03, 1244.38, 774.487, 376.509
197, 3214, 0, 0, 212, 0, 0.974072, -0.168519, 0.150947, -1.77419, 0.0224041, 0.735775, 0.676855, 0.138297, -0.225126, -0.655924, 0.720474, 0.885555, 1372.03, 1244.38, 774.487, 376.509
212, 3397, 0, 0, 244, 0, 0.791736, -0.0802202, 0.605573, -1.7716, -0.333753, 0.773488, 0.538818, 0.125537, -0.511628, -0.628714, 0.585624, 0.87562, 1372.03, 1244.38, 774.487, 376.509
213, 3404, 0, 0, 320, 0, 0.792038, -0.0659638, 0.606898, -1.77197, -0.331768, 0.788009, 0.518626, 0.123579, -0.512451, -0.61212, 0.602248, 0.875474, 1372.03, 1244.38, 774.487, 376.509
187, 3061, 0, 0, 267, 0, 0.984836, -0.0949454, 0.145198, -1.77362, 0.0137218, 0.876957, 0.480374, 0.130886, -0.172942, -0.471097, 0.864962, 0.879603, 1372.03, 1244.38, 774.487, 376.509
215, 3422, 0, 0, 121, 0, 0.78359, -0.0436603, 0.619742, -1.77389, -0.327417, 0.818741, 0.471659, 0.118033, -0.528001, -0.572501, 0.627262, 0.875664, 1372.03, 1244.38, 774.487, 376.509
216, 3440, 0, 0, 751, 0, 0.781368, -0.0328989, 0.623203, -1.77573, -0.327076, 0.828884, 0.453843, 0.115777, -0.531494, -0.558453, 0.636902, 0.875378, 1372.03, 1244.38, 774.487, 376.509
217, 3451, 0, 0, 753, 0, 0.778823, -0.00152512, 0.627242, -1.77797, -0.337835, 0.841537, 0.421524, 0.116639, -0.52849, -0.540197, 0.654893, 0.873125, 1372.03, 1244.38, 774.487, 376.509
219, 3470, 0, 0, 554, 4, 0.771966, 0.0455845, 0.634028, -1.78197, -0.348653, 0.864371, 0.362359, 0.119058, -0.531517, -0.500784, 0.683158, 0.869131, 1372.03, 1244.38, 774.487, 376.509
186, 3053, 0, 0, 308, 0, 0.985815, -0.100003, 0.134788, -1.773, 0.0294424, 0.893691, 0.447716, 0.125163, -0.165232, -0.437397, 0.883959, 0.878048, 1372.03, 1244.38, 774.487, 376.509
221, 3480, 0, 0, 660, 17, 0.751662, 0.0892666, 0.65348, -1.78488, -0.368753, 0.878351, 0.304172, 0.121623, -0.546832, -0.469607, 0.69314, 0.865971, 1372.03, 1244.38, 774.487, 376.509
222, 3485, 0, 0, 469, 22, 0.741776, 0.112756, 0.661101, -1.78633, -0.377137, 0.885263, 0.272171, 0.122267, -0.554559, -0.451215, 0.699192, 0.864855, 1372.03, 1244.38, 774.487, 376.509
218, 3463, 0, 0, 517, 0, 0.778899, 0.025294, 0.626639, -1.78019, -0.34134, 0.855324, 0.389754, 0.117779, -0.526121, -0.517476, 0.674845, 0.871006, 1372.03, 1244.38, 774.487, 376.509
224, 3499, 0, 0, 415, 66, 0.719963, 0.169973, 0.672876, -1.78926, -0.392613, 0.899239, 0.192934, 0.123248, -0.572283, -0.403085, 0.714153, 0.862396, 1372.03, 1244.38, 774.487, 376.509
225, 3510, 0, 0, 335, 32, 0.704539, 0.200123, 0.680864, -1.79077, -0.398959, 0.905144, 0.146787, 0.123872, -0.586904, -0.375054, 0.71755, 0.861164, 1372.03, 1244.38, 774.487, 376.509
223, 3492, 0, 0, 485, 12, 0.731241, 0.139759, 0.667648, -1.78783, -0.385609, 0.892075, 0.235601, 0.122509, -0.562664, -0.429732, 0.706214, 0.863663, 1372.03, 1244.38, 774.487, 376.509
204, 3306, 0, 0, 86, 0, 0.911593, -0.121998, 0.392574, -1.77169, -0.184656, 0.731674, 0.656167, 0.133506, -0.367287, -0.670648, 0.644462, 0.882059, 1372.03, 1244.38, 774.487, 376.509
227, 3546, 0, 0, 563, 25, 0.674545, 0.257403, 0.691905, -1.79392, -0.424507, 0.902034, 0.0782814, 0.125679, -0.603972, -0.346523, 0.717732, 0.857809, 1372.03, 1244.38, 774.487, 376.509
229, 3582, 0, 0, 397, 60, 0.682438, 0.3168, 0.658723, -1.79743, -0.416144, 0.909278, -0.00617382, 0.1258, -0.600918, -0.26991, 0.75236, 0.855255, 1372.03, 1244.38, 774.487, 376.509
228, 3565, 0, 0, 328, 5, 0.675661, 0.284419, 0.680138, -1.79573, -0.419411, 0.907028, 0.0373499, 0.126274, -0.606281, -0.310493, 0.732132, 0.856184, 1372.03, 1244.38, 774.487, 376.509
214, 3412, 0, 0, 314, 0, 0.786951, -0.0548836, 0.614569, -1.77287, -0.331338, 0.802648, 0.495955, 0.120583, -0.520503, -0.593923, 0.61346, 0.875833, 1372.03, 1244.38, 774.487, 376.509
231, 3609, 0, 0, 232, 0, 0.672231, 0.378634, 0.636192, -1.80045, -0.433345, 0.897972, -0.0765415, 0.12355, -0.600264, -0.224237, 0.767724, 0.854271, 1372.03, 1244.38, 774.487, 376.509
220, 3475, 0, 0, 505, 0, 0.762189, 0.0672396, 0.643853, -1.78344, -0.358717, 0.871798, 0.333602, 0.120841, -0.538879, -0.485228, 0.688595, 0.867352, 1372.03, 1244.38, 774.487, 376.509
233, 3630, 0, 0, 213, 0, 0.653665, 0.416044, 0.632162, -1.80273, -0.430056, 0.891553, -0.142073, 0.12062, -0.622715, -0.178998, 0.761699, 0.854021, 1372.03, 1244.38, 774.487, 376.509
234, 3642, 0, 0, 302, 0, 0.670035, 0.432772, 0.603126, -1.8035, -0.413815, 0.892281, -0.180532, 0.119296, -0.616287, -0.12862, 0.776947, 0.854222, 1372.03, 1244.38, 774.487, 376.509
236, 3665, 0, 0, 825, 0, 0.68196, 0.47592, 0.555365, -1.80565, -0.421173, 0.87633, -0.233792, 0.117245, -0.59795, -0.0744683, 0.798067, 0.85331, 1372.03, 1244.38, 774.487, 376.508
226, 3526, 0, 0, 717, 0, 0.687359, 0.223598, 0.691044, -1.79198, -0.405144, 0.907698, 0.109284, 0.124471, -0.602823, -0.35509, 0.714504, 0.86021, 1372.03, 1244.38, 774.487, 376.509
235, 3653, 0, 0, 625, 0, 0.682184, 0.451156, 0.575398, -1.80448, -0.411371, 0.8874, -0.208074, 0.118109, -0.604482, -0.094757, 0.790963, 0.854162, 1372.03, 1244.38, 774.487, 376.509
238, 3720, 0, 0, 626, 241, 0.643162, 0.497851, 0.581797, -1.80315, -0.408611, 0.865715, -0.289094, 0.11562, -0.647595, -0.0517942, 0.760222, 0.853099, 1372.03, 1244.38, 774.487, 376.509
239, 3735, 0, 0, 511, 405, 0.634153, 0.500328, 0.589509, -1.80164, -0.393161, 0.865155, -0.311339, 0.115111, -0.665788, -0.0343355, 0.74535, 0.85224, 1372.03, 1244.38, 774.487, 376.509
241, 3794, 0, 0, 147, 1, 0.613639, 0.483336, 0.624366, -1.80078, -0.355669, 0.875187, -0.327944, 0.117135, -0.704944, -0.0208288, 0.708957, 0.850116, 1372.03, 1244.38, 774.487, 376.508
240, 3756, 0, 0, 325, 0, 0.627574, 0.495226, 0.600752, -1.80277, -0.357237, 0.868764, -0.342973, 0.116527, -0.691761, 0.000630489, 0.722126, 0.849797, 1372.03, 1244.38, 774.487, 376.508
243, 3832, 0, 0, 94, 0, 0.624606, 0.451041, 0.637518, -1.79934, -0.3651, 0.890294, -0.272173, 0.120753, -0.69034, -0.062757, 0.720758, 0.849676, 1372.03, 1244.38, 774.487, 376.509
244, 3845, 0, 0, 103, 0, 0.623427, 0.438, 0.647684, -1.79837, -0.368063, 0.895244, -0.251135, 0.122568, -0.689832, -0.0818242, 0.71933, 0.849566, 1372.03, 1244.38, 774.487, 376.509
232, 3617, 0, 0, 277, 0, 0.661844, 0.39271, 0.638546, -1.80167, -0.435979, 0.894574, -0.0982831, 0.122666, -0.609824, -0.213344, 0.763282, 0.853927, 1372.03, 1244.38, 774.487, 376.509
245, 3859, 0, 0, 206, 0, 0.619864, 0.422279, 0.6614, -1.79734, -0.370879, 0.900434, -0.227305, 0.124467, -0.691533, -0.104401, 0.714761, 0.849522, 1372.03, 1244.38, 774.487, 376.509
246, 3874, 0, 0, 238, 0, 0.617678, 0.40165, 0.676129, -1.79635, -0.370015, 0.907064, -0.200807, 0.126156, -0.693947, -0.126144, 0.70889, 0.849774, 1372.03, 1244.38, 774.487, 376.509
248, 3894, 0, 0, 405, 0, 0.615077, 0.365976, 0.698385, -1.79398, -0.364828, 0.917329, -0.159401, 0.129564, -0.698986, -0.156746, 0.697746, 0.850561, 1372.03, 1244.38, 774.487, 376.508
249, 3907, 0, 0, 692, 0, 0.610962, 0.337769, 0.715987, -1.79337, -0.358443, 0.924423, -0.130235, 0.131066, -0.705864, -0.177072, 0.685859, 0.850662, 1372.03, 1244.38, 774.487, 376.508
247, 3886, 0, 0, 694, 0, 0.616963, 0.382274, 0.687912, -1.7951, -0.367022, 0.912988, -0.178181, 0.12786, -0.696169, -0.142547, 0.703583, 0.850224, 1372.03, 1244.38, 774.487, 376.508
251, 3968, 0, 0, 298, 0, 0.594887, 0.352233, 0.722525, -1.79632, -0.368755, 0.918296, -0.144059, 0.132952, -0.714234, -0.180735, 0.676169, 0.847301, 1372.03, 1244.38, 774.487, 376.509
252, 3977, 0, 0, 202, 0, 0.603154, 0.354411, 0.714562, -1.79807, -0.364921, 0.919217, -0.147891, 0.130867, -0.709252, -0.171558, 0.683762, 0.8467, 1372.03, 1244.38, 774.487, 376.509
253, 3987, 0, 0, 218, 0, 0.611867, 0.359549, 0.704516, -1.79918, -0.365226, 0.918499, -0.15156, 0.128632, -0.701591, -0.164573, 0.693316, 0.846806, 1372.03, 1244.38, 774.487, 376.509
254, 3995, 0, 0, 442, 0, 0.617929, 0.369786, 0.693846, -1.80006, -0.367155, 0.916078, -0.161241, 0.126568, -0.695242, -0.155113, 0.70184, 0.847521, 1372.03, 1244.38, 774.487, 376.509
255, 4002, 0, 0, 628, 0, 0.623907, 0.383887, 0.680714, -1.801, -0.367376, 0.912863, -0.178089, 0.124719, -0.689765, -0.138967, 0.710572, 0.848124, 1372.03, 1244.38, 774.487, 376.509
256, 4010, 0, 0, 755, 0, 0.632062, 0.403044, 0.661856, -1.80162, -0.366888, 0.90795, -0.202533, 0.123214, -0.682562, -0.114813, 0.721753, 0.848757, 1372.03, 1244.38, 774.487, 376.509
257, 4018, 0, 0, 879, 0, 0.637743, 0.424692, 0.642589, -1.80251, -0.369612, 0.900669, -0.228434, 0.122247, -0.675774, -0.0918263, 0.731367, 0.849245, 1372.03, 1244.38, 774.487, 376.509
258, 4029, 0, 0, 734, 11, 0.643465, 0.448543, 0.620292, -1.80352, -0.37624, 0.891022, -0.254016, 0.121601, -0.66663, -0.069928, 0.742101, 0.850034, 1372.03, 1244.38, 774.487, 376.509
259, 4044, 0, 0, 594, 0, 0.651554, 0.464103, 0.600071, -1.80423, -0.393123, 0.883089, -0.256142, 0.121221, -0.648792, -0.0690115, 0.75783, 0.85123, 1372.03, 1244.38, 774.487, 376.509
260, 4057, 0, 0, 548, 0, 0.657422, 0.474612, 0.585269, -1.80524, -0.412362, 0.87669, -0.247735, 0.121734, -0.630677, -0.0784759, 0.772067, 0.852097, 1372.03, 1244.38, 774.487, 376.509
261, 4067, 0, 0, 555, 0, 0.672008, 0.47709, 0.566384, -1.80549, -0.417435, 0.875774, -0.242421, 0.121482, -0.611681, -0.0735193, 0.787681, 0.853404, 1372.03, 1244.38, 774.487, 376.509
262, 4076, 0, 0, 422, 0, 0.696597, 0.47232, 0.540062, -1.80567, -0.4194, 0.878804, -0.227611, 0.121217, -0.582114, -0.0679492, 0.810263, 0.855315, 1372.03, 1244.38, 774.487, 376.509
263, 4080, 0, 0, 463, 0, 0.707559, 0.469978, 0.527714, -1.8057, -0.420646, 0.880177, -0.219876, 0.121034, -0.567818, -0.066406, 0.820471, 0.856156, 1372.03, 1244.38, 774.487, 376.509
264, 4086, 0, 0, 481, 0, 0.719172, 0.469659, 0.512066, -1.8058, -0.424669, 0.880402, -0.211065, 0.120972, -0.549953, -0.0656661, 0.83261, 0.857292, 1372.03, 1244.38, 774.487, 376.509
250, 3927, 0, 0, 684, 0, 0.610921, 0.316609, 0.725627, -1.79335, -0.355121, 0.928762, -0.106258, 0.132448, -0.707577, -0.19277, 0.679835, 0.849705, 1372.03, 1244.38, 774.487, 376.509
265, 4092, 0, 0, 570, 2, 0.727664, 0.47399, 0.495822, -1.80568, -0.433277, 0.877995, -0.203461, 0.120872, -0.531767, -0.0667776, 0.844254, 0.857816, 1372.03, 1244.38, 774.487, 376.509
237, 3707, 0, 0, 941, 0, 0.667652, 0.487572, 0.562596, -1.80518, -0.411183, 0.871481, -0.267301, 0.116682, -0.62062, -0.0528658, 0.782327, 0.85314, 1372.03, 1244.38, 774.487, 376.509
267, 4114, 0, 0, 738, 4, 0.738235, 0.475213, 0.478728, -1.80858, -0.444579, 0.876529, -0.184518, 0.122835, -0.507304, -0.0766152, 0.858354, 0.857788, 1372.03, 1244.38, 774.487, 376.509
230, 3596, 0, 0, 267, 0, 0.681964, 0.353739, 0.640151, -1.79899, -0.424455, 0.904204, -0.0474723, 0.126011, -0.59562, -0.239341, 0.766781, 0.854188, 1372.03, 1244.38, 774.487, 376.509
242, 3815, 0, 0, 204, 0, 0.6242, 0.459505, 0.631846, -1.79997, -0.360263, 0.886922, -0.289103, 0.118067, -0.693242, -0.0471733, 0.719159, 0.849486, 1372.03, 1244.38, 774.487, 376.509
270, 4187, 0, 0, 448, 140, 0.741775, 0.488518, 0.459478, -1.8202, -0.477449, 0.865806, -0.149739, 0.12946, -0.470969, -0.108305, 0.875476, 0.851036, 1372.03, 1244.38, 774.487, 376.509
268, 4131, 0, 0, 755, 4, 0.736028, 0.482844, 0.474473, -1.81238, -0.450562, 0.872515, -0.188972, 0.125112, -0.505229, -0.0746909, 0.859747, 0.856, 1372.03, 1244.38, 774.487, 376.509
272, 4221, 0, 0, 520, 226, 0.757876, 0.494972, 0.425003, -1.82602, -0.486518, 0.862816, -0.13729, 0.132091, -0.434654, -0.102722, 0.89472, 0.8513, 1372.03, 1244.38, 774.487, 376.509
274, 4250, 0, 0, 434, 407, 0.785257, 0.507146, 0.355211, -1.8313, -0.500814, 0.857576, -0.11725, 0.134572, -0.364083, -0.0858231, 0.927404, 0.848476, 1372.03, 1244.38, 774.487, 376.509
273, 4234, 0, 0, 589, 68, 0.774493, 0.49482, 0.394098, -1.82875, -0.48804, 0.863765, -0.12541, 0.132812, -0.402463, -0.0952067, 0.910472, 0.850408, 1372.03, 1244.38, 774.487, 376.509
277, 4308, 0, 0, 302, 2, 0.798399, 0.505979, 0.326411, -1.83065, -0.524999, 0.850419, -0.0341162, 0.13758, -0.294848, -0.144127, 0.944612, 0.851682, 1372.03, 1244.38, 774.487, 376.509
266, 4103, 0, 0, 737, 0, 0.734154, 0.476948, 0.483258, -1.80537, -0.443402, 0.875791, -0.190749, 0.120402, -0.51421, -0.0742379, 0.854445, 0.857772, 1372.03, 1244.38, 774.487, 376.509
276, 4302, 0, 0, 532, 0, 0.796794, 0.508438, 0.326511, -1.83024, -0.523899, 0.850539, -0.0459613, 0.137705, -0.301079, -0.134437, 0.944075, 0.851274, 1372.03, 1244.38, 774.487, 376.509
279, 4356, 0, 0, 550, 2, 0.805808, 0.502091, 0.313972, -1.83055, -0.529809, 0.84811, 0.0034915, 0.137463, -0.26453, -0.169159, 0.949426, 0.852266, 1372.03, 1244.38, 774.487, 376.509
280, 4378, 0, 0, 413, 11, 0.805417, 0.513519, 0.295975, -1.83198, -0.531308, 0.846853, -0.0234838, 0.134411, -0.262707, -0.13834, 0.954907, 0.851186, 1372.03, 1244.38, 774.487, 376.509
269, 4151, 0, 0, 589, 0, 0.735868, 0.49724, 0.45962, -1.81679, -0.463016, 0.864797, -0.194275, 0.127064, -0.494079, -0.0698507, 0.866606, 0.854191, 1372.03, 1244.38, 774.487, 376.509
281, 4400, 0, 0, 477, 12, 0.816118, 0.515315, 0.261538, -1.83295, -0.526691, 0.849516, -0.0303094, 0.13425, -0.237799, -0.113013, 0.964717, 0.849996, 1372.03, 1244.38, 774.487, 376.509
275, 4283, 0, 0, 562, 0, 0.793534, 0.513841, 0.325992, -1.83081, -0.517968, 0.851522, -0.0813556, 0.134846, -0.319393, -0.104295, 0.941866, 0.849795, 1372.03, 1244.38, 774.487, 376.509
284, 4455, 0, 0, 500, 95, 0.830932, 0.519894, 0.198147, -1.83743, -0.534658, 0.844672, 0.0258649, 0.134889, -0.153922, -0.127433, 0.979831, 0.843099, 1372.03, 1244.38, 774.487, 376.509
283, 4432, 0, 0, 552, 39, 0.824597, 0.526389, 0.207256, -1.83687, -0.536636, 0.843776, -0.00794126, 0.134306, -0.179058, -0.104673, 0.978254, 0.8458, 1372.03, 1244.38, 774.487, 376.509
286, 4507, 0, 0, 224, 0, 0.832256, 0.518891, 0.195197, -1.83713, -0.540538, 0.837717, 0.0777791, 0.139081, -0.123161, -0.170244, 0.977675, 0.844661, 1372.03, 1244.38, 774.487, 376.509
282, 4411, 0, 0, 520, 0, 0.821054, 0.514106, 0.248122, -1.83382, -0.525982, 0.850233, -0.0211583, 0.133184, -0.221839, -0.113136, 0.968498, 0.849784, 1372.03, 1244.38, 774.487, 376.509
287, 4521, 0, 0, 201, 0, 0.825873, 0.523673, 0.209047, -1.8354, -0.549476, 0.830651, 0.0899734, 0.141993, -0.126528, -0.189173, 0.973758, 0.84442, 1372.03, 1244.38, 774.487, 376.509
289, 4548, 0, 0, 308, 0, 0.826215, 0.516634, 0.224628, -1.83111, -0.546939, 0.831171, 0.100066, 0.147542, -0.135007, -0.205534, 0.969293, 0.843987, 1372.03, 1244.38, 774.487, 376.509
290, 4559, 0, 0, 315, 0, 0.830876, 0.509401, 0.223956, -1.82944, -0.541845, 0.832266, 0.117205, 0.149821, -0.126687, -0.218732, 0.967526, 0.84399, 1372.03, 1244.38, 774.487, 376.509
291, 4564, 0, 0, 259, 0, 0.831657, 0.508516, 0.223063, -1.82824, -0.541698, 0.831297, 0.124535, 0.15124, -0.122104, -0.224403, 0.966816, 0.844324, 1372.03, 1244.38, 774.487, 376.509
292, 4571, 0, 0, 250, 0, 0.829781, 0.50967, 0.227376, -1.82683, -0.545602, 0.826538, 0.138396, 0.153492, -0.117398, -0.238895, 0.963923, 0.844247, 1372.03, 1244.38, 774.487, 376.509
278, 4321, 0, 0, 538, 0, 0.799142, 0.504063, 0.327554, -1.82779, -0.52878, 0.848611, -0.015823, 0.138915, -0.285942, -0.160559, 0.9447, 0.851827, 1372.03, 1244.38, 774.487, 376.509
294, 4582, 0, 0, 110, 0, 0.824731, 0.51088, 0.24253, -1.82371, -0.552312, 0.819794, 0.151292, 0.157606, -0.121533, -0.258728, 0.958274, 0.845403, 1372.03, 1244.38, 774.487, 376.509
295, 4587, 0, 0, 509, 21, 0.822917, 0.511434, 0.247473, -1.82288, -0.554188, 0.818543, 0.151209, 0.158942, -0.125234, -0.261579, 0.957023, 0.84523, 1372.03, 1244.38, 774.487, 376.509
297, 4608, 0, 0, 175, 0, 0.827991, 0.506339, 0.240939, -1.82129, -0.545387, 0.82705, 0.136164, 0.161863, -0.130323, -0.244148, 0.960941, 0.843717, 1372.03, 1244.38, 774.487, 376.509
296, 4599, 0, 0, 441, 0, 0.823162, 0.510826, 0.247914, -1.82157, -0.552499, 0.821289, 0.142227, 0.161453, -0.130956, -0.254048, 0.958285, 0.844074, 1372.03, 1244.38, 774.487, 376.509
299, 4619, 0, 0, 305, 0, 0.830517, 0.50619, 0.232408, -1.82493, -0.542664, 0.829383, 0.132815, 0.156579, -0.125526, -0.236425, 0.963508, 0.843489, 1372.03, 1244.38, 774.487, 376.509
293, 4576, 0, 0, 404, 0, 0.827944, 0.509988, 0.233284, -1.82528, -0.547898, 0.824327, 0.142453, 0.155577, -0.119653, -0.245759, 0.961918, 0.845243, 1372.03, 1244.38, 774.487, 376.509
300, 4624, 0, 0, 399, 0, 0.828459, 0.509629, 0.232237, -1.8265, -0.545731, 0.827766, 0.130311, 0.154179, -0.125828, -0.234696, 0.963891, 0.844769, 1372.03, 1244.38, 774.487, 376.509
301, 4628, 0, 0, 460, 0, 0.825261, 0.514377, 0.233155, -1.82774, -0.550411, 0.825008, 0.128102, 0.152244, -0.126462, -0.234048, 0.963965, 0.846236, 1372.03, 1244.38, 774.487, 376.509
302, 4632, 0, 0, 871, 0, 0.820281, 0.521193, 0.235578, -1.82934, -0.557807, 0.820036, 0.12803, 0.15078, -0.126454, -0.236428, 0.963385, 0.847135, 1372.03, 1244.38, 774.487, 376.509
303, 4636, 0, 0, 882, 3, 0.816285, 0.527377, 0.235695, -1.83107, -0.564163, 0.815497, 0.129167, 0.149888, -0.124089, -0.238407, 0.963205, 0.848527, 1372.03, 1244.38, 774.487, 376.509
271, 4208, 0, 0, 607, 0, 0.741234, 0.494936, 0.453443, -1.82233, -0.489962, 0.860672, -0.138497, 0.125232, -0.458813, -0.119511, 0.880459, 0.852082, 1372.03, 1244.38, 774.487, 376.509
304, 4642, 0, 0, 1066, 119, 0.811194, 0.53505, 0.23598, -1.83358, -0.572322, 0.809248, 0.132535, 0.148869, -0.120053, -0.242568, 0.962678, 0.850548, 1372.03, 1244.38, 774.487, 376.509
305, 4649, 0, 0, 870, 215, 0.806654, 0.541242, 0.237414, -1.83586, -0.579886, 0.802406, 0.140984, 0.149012, -0.114197, -0.251398, 0.961123, 0.853343, 1372.03, 1244.38, 774.487, 376.509
306, 4657, 0, 0, 921, 176, 0.805076, 0.542625, 0.239608, -1.83801, -0.582798, 0.798807, 0.149179, 0.150418, -0.110452, -0.259743, 0.95934, 0.856345, 1372.03, 1244.38, 774.487, 376.509
308, 4683, 0, 0, 706, 290, 0.820979, 0.515469, 0.24553, -1.84112, -0.558449, 0.814475, 0.157368, 0.154135, -0.11886, -0.266312, 0.95653, 0.869952, 1372.03, 1244.38, 774.487, 376.509
288, 4534, 0, 0, 333, 0, 0.819536, 0.527963, 0.222748, -1.83327, -0.556111, 0.826547, 0.086946, 0.143376, -0.138207, -0.195128, 0.970991, 0.844186, 1372.03, 1244.38, 774.487, 376.509
310, 4703, 0, 0, 657, 301, 0.826834, 0.508224, 0.240944, -1.84371, -0.549141, 0.822075, 0.150452, 0.156999, -0.121611, -0.256711, 0.958807, 0.879458, 1372.03, 1244.38, 774.487, 376.509
311, 4710, 0, 0, 504, 314, 0.828842, 0.505287, 0.240221, -1.84501, -0.545102, 0.826037, 0.143273, 0.158207, -0.126037, -0.249695, 0.960087, 0.882486, 1372.03, 1244.38, 774.487, 376.509
312, 4715, 0, 0, 357, 304, 0.83003, 0.503673, 0.239508, -1.84618, -0.542435, 0.828899, 0.136711, 0.159521, -0.129671, -0.243392, 0.961221, 0.885148, 1372.03, 1244.38, 774.487, 376.509
313, 4719, 0, 0, 483, 325, 0.830455, 0.503188, 0.239055, -1.84715, -0.540986, 0.830848, 0.130481, 0.160477, -0.132962, -0.237684, 0.962199, 0.887292, 1372.03, 1244.38, 774.487, 376.509
314, 4723, 0, 0, 626, 186, 0.829759, 0.503929, 0.239908, -1.84806, -0.540793, 0.832209, 0.122355, 0.161268, -0.137995, -0.231265, 0.963054, 0.889275, 1372.03, 1244.38, 774.487, 376.509
285, 4489, 0, 0, 294, 0, 0.831158, 0.517202, 0.204152, -1.8399, -0.537891, 0.84091, 0.0595262, 0.131261, -0.140886, -0.159287, 0.977128, 0.843978, 1372.03, 1244.38, 774.487, 376.509
316, 4735, 0, 0, 729, 149, 0.837515, 0.502432, 0.214781, -1.84825, -0.535379, 0.833149, 0.138681, 0.161591, -0.109267, -0.231137, 0.966766, 0.894098, 1372.03, 1244.38, 774.487, 376.509
317, 4747, 0, 0, 788, 178, 0.843841, 0.498498, 0.198576, -1.84772, -0.529265, 0.834177, 0.155007, 0.161326, -0.088377, -0.2359, 0.96775, 0.896819, 1372.03, 1244.38, 774.487, 376.509
319, 4781, 0, 0, 382, 411, 0.828381, 0.49963, 0.253288, -1.8488, -0.532835, 0.842325, 0.081092, 0.161406, -0.172835, -0.202136, 0.963986, 0.893079, 1372.03, 1244.38, 774.487, 376.509
315, 4727, 0, 0, 529, 20, 0.828442, 0.505249, 0.241677, -1.84876, -0.540949, 0.833627, 0.111537, 0.162076, -0.145114, -0.223137, 0.963925, 0.891, 1372.03, 1244.38, 774.487, 376.509
320, 4788, 0, 0, 591, 167, 0.822479, 0.505193, 0.261361, -1.84943, -0.531095, 0.846593, 0.0349004, 0.161655, -0.203635, -0.167512, 0.96461, 0.890873, 1372.03, 1244.38, 774.487, 376.509
321, 4794, 0, 0, 439, 83, 0.814187, 0.506757, 0.283368, -1.84991, -0.530539, 0.847617, 0.00854773, 0.161819, -0.235856, -0.157297, 0.958973, 0.889092, 1372.03, 1244.38, 774.487, 376.509
322, 4801, 0, 0, 421, 33, 0.801495, 0.509539, 0.313011, -1.85034, -0.53216, 0.846504, -0.015345, 0.162407, -0.272784, -0.154273, 0.949626, 0.886836, 1372.03, 1244.38, 774.487, 376.509
323, 4807, 0, 0, 471, 17, 0.795467, 0.510735, 0.326163, -1.85067, -0.537559, 0.843175, -0.00928549, 0.1632, -0.279755, -0.167946, 0.945268, 0.885027, 1372.03, 1244.38, 774.486, 376.509
324, 4814, 0, 0, 590, 9, 0.800946, 0.509673, 0.314197, -1.85088, -0.544721, 0.838114, 0.0290532, 0.163877, -0.248526, -0.19442, 0.948913, 0.883562, 1372.03, 1244.38, 774.487, 376.509
325, 4820, 0, 0, 634, 12, 0.812771, 0.510222, 0.281206, -1.85081, -0.548467, 0.832887, 0.074043, 0.164366, -0.196435, -0.214412, 0.956787, 0.883192, 1372.03, 1244.38, 774.487, 376.509
326, 4826, 0, 0, 350, 7, 0.826323, 0.513105, 0.232192, -1.85088, -0.54634, 0.830408, 0.109248, 0.16466, -0.136758, -0.21713, 0.966515, 0.883649, 1372.03, 1244.38, 774.487, 376.509
327, 4832, 0, 0, 654, 10, 0.837271, 0.519115, 0.171746, -1.85083, -0.541281, 0.831357, 0.125938, 0.16469, -0.0774062, -0.198407, 0.977058, 0.884731, 1372.03, 1244.38, 774.487, 376.509
328, 4836, 0, 0, 565, 12, 0.842666, 0.520693, 0.137083, -1.85076, -0.536216, 0.834634, 0.125929, 0.16464, -0.0488435, -0.179622, 0.982522, 0.885762, 1372.03, 1244.38, 774.487, 376.51
329, 4844, 0, 0, 658, 11, 0.84772, 0.521184, 0.0986831, -1.85059, -0.529572, 0.842215, 0.101127, 0.164482, -0.0304067, -0.137987, 0.989967, 0.887331, 1372.03, 1244.38, 774.487, 376.509
330, 4852, 0, 0, 738, 23, 0.847688, 0.520813, 0.100888, -1.85031, -0.528119, 0.846468, 0.0676915, 0.164237, -0.0501439, -0.110662, 0.992592, 0.888311, 1372.03, 1244.38, 774.487, 376.509
332, 4869, 0, 0, 499, 76, 0.833227, 0.522231, 0.181682, -1.84938, -0.537792, 0.841779, 0.0467804, 0.163674, -0.128506, -0.136686, 0.982244, 0.88998, 1372.03, 1244.38, 774.487, 376.509
333, 4878, 0, 0, 441, 51, 0.815472, 0.524349, 0.24508, -1.84925, -0.549866, 0.834029, 0.0452014, 0.163596, -0.180702, -0.171621, 0.968449, 0.889364, 1372.03, 1244.38, 774.486, 376.509
331, 4860, 0, 0, 388, 0, 0.843156, 0.521176, 0.132153, -1.8499, -0.530699, 0.846145, 0.0489679, 0.16392, -0.0862996, -0.111421, 0.990019, 0.889393, 1372.03, 1244.38, 774.487, 376.509
