0  0.000126525000197453   0.00015422384479369 -7.69426755401131e-05 0.000149020951900233 1.406080164891e-05 -0.000139640930376494 0.99999997904773
0  -0.020222604946897 0.00198073382643977 0.00398383823049304 0.00405762819944646 0.00782352938955556 0.00541073708490345 0.99994652455293
0  -0.0423049549994261  0.00408484516791075 0.000662871052521826 0.00422672846264776 0.0114323028481558 0.0106626831312996 0.999868863604889
0  -0.0616816025481473    0.007979992879892 -0.00136693656373153 0.00509700730089148 0.00865896685532589 0.0116842180014207 0.999881253879314
0 -0.0816878208996817  0.0133282478224348 -0.0120279991285727 0.00940739756575015 -0.000239068574723373 -0.000649254138210165 0.999955510103485
0 -0.100212067796277 0.0154405725868771 -0.021020467112759 0.00530850843933807 0.00348140985274652 -0.00173576335598961 0.999978343090068
0  -0.116633467193932  0.0181587338687115 -0.0356663293666133 -0.00575779386511289 -0.00032672471057639 0.00302826917205623 0.99997878509826
0  -0.138396379757575  0.0182042538018616 -0.0459568792938623 0.000114193979151014 -0.00760991272671693 -0.00483349380072424 0.999959355936883
0  -0.156784146474248  0.0187777523784353 -0.0417685538120276 0.00374043756329329 0.00176529304669023 -0.0069302334713936 0.999967431835321
0  -0.176978898531743  0.0190738559302983 -0.0380697159728913 0.00430660943296342 0.0112289008844939 -0.00651888324756746 0.999906430153003
0  -0.199303288250475  0.0198797793606436 -0.0355204540400185 0.0025705434201252 0.0191251408716444 -0.00601144790460851 0.999795721028679
0  -0.221165128489646  0.0188583878153555 -0.0326042213917468 -0.00056054435752388 0.023179749219864 -0.00161383119687374 0.999729853793011
0  -0.244841201627444   0.020439350460343 -0.0314144184260502 0.00173085912455652 0.0263598071946302 0.00430935981156752 0.999641732877018
0 -0.267118702891733  0.021009262452206  -0.03224026960672 0.000952934921923877 0.0332915097145667 0.00658097216959914 0.999423562910772
0  -0.286440240561428  0.0223534785601357 -0.0415855867570697 0.000641566360350456 0.0404758760350385 0.00465264091825902 0.999169477508339
0  -0.304831231732595  0.0230682634078598 -0.0511311551903938 0.00499051935459982 0.0386392454139882 0.00276762380339714 0.999236930707073
0  -0.328818153067731  0.0219816017184572 -0.0609004196175808 0.00323894837300093 0.0309218312093708 0.00382290005639301 0.999509247082415
0   -0.34608378257271  0.0222104306496521 -0.0704940992344826 -0.00172654926462232 0.0266030093767279 0.000535270081647878 0.999644442992446
0  -0.368587441500014  0.0216441315018871 -0.0766866977493706 -0.00197508582517683 0.0227503630113382 -0.00592728688707827 0.999721654906501
0  -0.389295840872617  0.0182926414913158 -0.0691859253155463 -0.000523163566802707 0.0244110937344103 0.000269653824868872 0.999701831592494
0  -0.410197832546307  0.0164274344487615 -0.0675323650273938 -0.000927395460864167 0.026271158071712 0.00163512136486836 0.999653086110053
0  -0.431704916852957  0.0161531143252183 -0.0630951470831588 -0.00104884773557967 0.0247441991971088 -0.00249091280863731 0.999690161939139
0   -0.45080100403327   0.013243060966382 -0.0650171624370771 -0.00466710020861313 0.0233129590285089 -0.00177847626191929 0.999715740167756
0  -0.473949202429147  0.0136198509209478 -0.0692786868291818 -0.00565826324883608 0.025310357705531 -0.000369508303801793 0.999663560060803
0  -0.484470803271498   0.016832167243303 -0.0683144388658355 -0.0112871382783365 0.0109084382140944 -0.0130843829393951 0.999791180901447
0  -0.502916204137883  0.0172489902625372 -0.0619200527728379 -0.010166012905767 0.00518790731251415 -0.0116282439871992 0.999867252059538
0  -0.527538215032295  0.0135389110775114 -0.0552059561020692 -0.0107919960727907 0.00490108396183076 -0.0086836532041895 0.99989204735501
0  -0.549421151145598  0.0125969287599384 -0.0522869484713644 -0.0112869648028096 0.00660461551467031 -0.00600882205195935 0.999896433405476
0  -0.567976137806858  0.0135216021831143 -0.0521371739531079 -0.0108328644137038 0.00920328221594748 -0.00350510899346217 0.999892825684829
0  -0.588220376669565  0.0167068118920239 -0.0523788558158717 -0.00939368808142208 0.0108222718948674 -0.000957619255094056 0.999896854690835
0   -0.60439905348289  0.0174599574247084 -0.0590950976884449 -0.0100695543470787 -0.00292179283047944 -0.0140095259048693 0.999846888471344
0  -0.620985163071008   0.016914482959771 -0.0575137144073279 -0.0136403572803616 -0.000940792664138747 -0.0131313303683427 0.999820295715778
0  -0.640165176592994  0.0190115388824318 -0.0569171147632192 -0.0186163297785278 0.00200947140992631 -0.0137368139543803 0.999730310750161
0 -0.654805361541772 0.0279017990326281 -0.067419629694802 -0.025920037773212 0.00493333918833826 -0.011270882961103 0.999588305755707
0   -0.65560998169525  0.0310199758951578 -0.0768691234059127 -0.0545842796190162 0.00379744164667181 -0.00570179811165778 0.998485666073233
0  -0.657136811897776  0.0403191476872369 -0.0747322438834768 -0.0781827288704833 0.000451907791871185 -0.00520095021460995 0.996925376747215
0  -0.655429773437392  0.0437859661575104 -0.0723330925378197 -0.10634337124754 4.62760829741644e-05 -0.00123930361648332 0.994328692825857
0   -0.65555890351113  0.0443995621453118 -0.0720011449026706 -0.13514126219437 0.0119870628723083 -0.000808074668922066 0.990753499409181
0 -0.654483817650042 0.0487995186771036 -0.067314762353276 -0.152901381353171 0.0355620418909246 -0.00582315378549981 0.987584224072474
0  -0.650938284175775  0.0566259968070692 -0.0561398525380706 -0.181315097839898 0.0322608534434583 0.00235135520110761 0.982892946235309
0 -0.650557281845584 0.0569674703047102 -0.063036385200095 -0.172523651499364 0.0183756107164373 0.00891312777735506 0.98479362444999
0  -0.650258625551211  0.0649923989077293 -0.0694386699248133 -0.16166886109304 0.0151681925209767 0.0083978218862112 0.986692749479844
0  -0.650578582510566   0.094913637591561 -0.0636675811741984 -0.176718951312155 0.00745279825029858 0.0099161788009699 0.984183182869612
0  -0.644860077206608   0.120508309355198 -0.0436158614703646 -0.188225237506619 0.00606070967117896 0.0057529674596892 0.982090337560281
0  -0.626700461341072   0.142262775020453 -0.0412676302270421 -0.182157764372976 0.00303833977348064 -0.00172444362643947 0.983263110090193
0  -0.598089970831793    0.13536212341828 -0.0393186409096015 -0.189275873431146 0.00664454834183382 0.00103888830429888 0.981900918843292
0  -0.578827879345455   0.134243464358391 -0.0223418000296589 -0.200957663316958 0.0191290862540052 0.00934808543338188 0.979368525587792
0  -0.550436485089851   0.136314221844194 -0.0239324421122433 -0.199863279575081 0.0104198620205433 0.0137834912297064 0.979671430287975
0  -0.531358741751375   0.135440643027093 -0.0244005810891628 -0.201523189250006 0.00915283157053292 0.0107615394115391 0.9793818556305
0   -0.50946435881676   0.135938179623681 -0.0245484558776992 -0.203480187360286 0.00764842246510492 0.00927503831489278 0.97900525465897
0   -0.488632948302608    0.137226269917143 -0.00716958450992008 -0.208798467349779 0.0144354242552408 0.0136555038037845 0.977756792753095
0 -0.487415580537828  0.146376931441058 0.0322248795966149 -0.21477848445528 0.0306443216591653 0.0239161437132048 0.975888900559399
0 -0.485172844932991  0.152809482544956 0.0642602631972735 -0.22027910480249 0.0422356243710492 0.0239841612076832 0.974226887348407
0 -0.495003107173418  0.167903853947587  0.102749579085107 -0.233641677214049 0.0408378096488894 0.00399866908404799 0.971456561364039
0 -0.479049059426445  0.171742438189803  0.123985012187631 -0.241161495159957 0.0341979711857578 0.000655132349733619 0.969882056139094
0 -0.460775641872374  0.171779945503063  0.143412161768867 -0.248588851639218 0.0342806184107386 0.000331756090425886 0.968002227259818
0 -0.451952696364611  0.171822107238117  0.162913444405169 -0.256269432177314 0.0340929449306965 -0.000623437275494733 0.966003758048297
0 -0.437682007448169  0.172011775136652  0.175584932757698 -0.262820277418033 0.0356345244537682 0.00375764294245195 0.964179217036117
0 -0.411283824371416   0.16985599605278  0.194909109054115 -0.266771157995594 0.0338131332147594 0.00927082929953802 0.963121940881834
0 -0.41020468441865 0.173157774041541  0.20747738951025 -0.264848808262019 0.0450306731530392 0.00373972066465052 0.963230689776298
0 -0.393845490937124  0.172211674463849  0.215448672428427 -0.26812933603487 0.0497482688502245 0.00442689554008664 0.962087403253874
0 -0.378088928202645   0.16848969771975  0.219750457672191 -0.273854886870279 0.0555033609889363 0.0109653968646827 0.960105534786566
0 -0.361853734175235  0.165804246743643  0.220103906842461 -0.278095921700832 0.0480517851790582 0.00800082239184082 0.959317294285642
0 -0.343945623725108  0.163382361859753   0.21864098070144 -0.277201925727113 0.043413310701076 0.00614554993348814 0.959810715215853
0 -0.327108372347012  0.160757316935649  0.215175526496614 -0.275225832188175 0.0404743600675999 0.00865432009284539 0.960488245746493
0 -0.308458502078382  0.160345858040203  0.212982540707894 -0.274497430073446 0.0363172214062324 0.00881147852857458 0.960861373018265
0 -0.296217698290899  0.157994307528817  0.205484101319865 -0.274125476644798 0.032573780738356 0.00538883428499559 0.961127011548277
0 -0.280199025265995  0.158439008998821  0.198694270619784 -0.274563637193713 0.0290312259745881 0.00479681125975315 0.961118612685817
0 -0.311220646718513  0.154069127626489   0.20592245702013 -0.275728572468656 0.0285510270518937 0.00281383791409046 0.960807304039094
0  -0.3269934996718 0.154105751374093 0.213886764314074 -0.27653344398519 0.0320159098084631 0.0052159657506356 0.960456677616494
0 -0.342889990939701  0.153985934372081  0.222230811441819 -0.277202132118893 0.0361000635558463 0.00793315714742069 0.960100426193884
0 -0.357847857644533  0.154076283605818  0.228912299091663 -0.277585239641122 0.040780686062835 0.00880254312490279 0.959794710139705
0 -0.371412109776493  0.152931801903477  0.228618126785478 -0.274672914998286 0.0449377178494834 0.00545907520806812 0.960471545533077
0 -0.378791139904454  0.147213692209089  0.205062793190052 -0.267231128977513 0.0403368899857395 0.00558161480345744 0.962771678326626
0 -0.385950131963158  0.145887833641268  0.181308515557753 -0.263443046946431 0.035092892575639 0.0109416880612903 0.963974340617334
0 -0.399414553583336  0.140734931436412  0.164318267212382 -0.255836477535421 0.0384802628449016 0.0215915060525457 0.965712572663336
0 -0.415100116816385  0.136262333565114  0.161212406340297 -0.251579451353967 0.047510920236849 0.02730191642656 0.966284170145678
0 -0.433221286757109  0.132539800760977  0.157174489089815 -0.24793151172881 0.0570813935302738 0.0277302151095814 0.966696806229588
0 -0.450214213184874  0.129619056772965  0.152744152577606 -0.246418421454619 0.063127457603628 0.023132961329442 0.966828708595502
0 -0.46769339544771 0.130299118370581 0.143333321187885 -0.245868263290986 0.0645142855541149 0.0123295782723999 0.967075325693579
0 -0.481806769854526  0.124254553168128  0.120702707158863 -0.24281389231773 0.0554569929540562 -5.36974489913449e-05 0.968486413299945
0 -0.498387627319191  0.119774523517098 0.0987530597622426 -0.231967251426721 0.0584498745529513 -0.0075372046306419 0.970936659611034
0  -0.51460690580997  0.114948581948982 0.0943017270202958 -0.225161673522396 0.0662960591234794 -0.00513823869346161 0.972049716745198
0 -0.533271687825655  0.112416967863635 0.0936094108852826 -0.221040726847074 0.0683351609577283 -0.000498071371063127 0.972867439467838
0 -0.553949153982973  0.107352499758232 0.0897372183825785 -0.219049378332332 0.0691714834228259 0.00436851010970107 0.97324898759399
0 -0.574047730160056   0.10475222726663 0.0835144592053687 -0.217950154421798 0.0703908365397288 0.00891414288089092 0.973377315523354
0 -0.594694061088793  0.103884068836052 0.0722552487386546 -0.219375687176723 0.0728316966371814 0.00932137761965093 0.972873560006624
0 -0.611490196687648 0.0986726776419958 0.0454304809622605 -0.221047942959916 0.0647156535102883 -0.00613337042415754 0.973094071953563
0 -0.629883450142429 0.0916039272097796 0.0319395582852921 -0.218850772956412 0.0509630755623203 -0.00769269943971861 0.97439618558415
0 -0.649798679994024 0.0881618628756677 0.0271334781913925 -0.218722902291908 0.0426119761409699 -0.00371395549361813 0.974849074491512
0 -0.671632989187801 0.0882159573610874 0.0269564539222806 -0.219444180406541 0.0393416546787442 -0.000539848537224748 0.974831367189422
0 -0.696457748279274 0.0893138422081453 0.0250497812521699 -0.219455325644138 0.0393313994332445 0.0019187757450857 0.974827533138395
0 -0.718101301132274 0.0909829606848855 0.0228242887774478 -0.218907343795262 0.0440028988202354 0.00246243647257137 0.974749842849199
0  -0.738293802613298  0.0858200065752034 0.00828521382601574 -0.221471881327885 0.0335078666564089 -0.00909259685365138 0.974548486908517
0 -0.759251685544792 0.0846524916399664 0.0099227249278107 -0.215855917084757 0.0293319347565013 -0.00462706031114688 0.975973591331147
0 -0.781363473839191 0.0862565191842457 0.0094021342699684 -0.208598324880047 0.0265056645053797 -0.000801215085103902 0.977641829434867
0    -0.824387331648143    0.0846206557197303 -0.000567824528666055 -0.188212971173381 0.0336842862228711 0.00476916132720956 0.981538843573691
0   -0.839291231436044   0.0818219082325802 -0.00939706453541942 -0.17861721547415 0.0307120023298197 -0.000304109078885615 0.983439154582948
0  -0.851122729539465  0.0724947200231054 -0.0287169677040196 -0.170456325945687 0.0215608810360418 -0.00324179006246359 0.985123982121661
0  -0.873618779014558  0.0719577380862098 -0.0355711915320145 -0.171361491009989 0.0182114454404015 -0.00119130312899229 0.985039168485528
0  -0.889521133683997  0.0683377896125969 -0.0434045081946398 -0.176026883321548 0.0143979861453935 0.00302811911067385 0.984275400910594
0  -0.923777703739511  0.0582065748974262 -0.0689483574255979 -0.169062470465562 0.0418522945782658 0.00893342496790952 0.984675814893896
0  -0.942211181378549  0.0533570155984254 -0.0639222215770071 -0.157640648215041 0.0342969506238544 0.00400646822568055 0.986892645337173
0  -0.966861029106157  0.0516096314228639 -0.0639555513281905 -0.158318237694069 0.0286742098350782 0.00463687743118452 0.986960801993406
