0  0.000159575645620062  0.000123929262732855 -7.44186974253453e-07 4.72999594194358e-05 0.000197922364354032 -5.63975733679416e-06 0.999999979278822
0  -0.0342285145782947 -0.00315229461595936  0.00500463968921967 -0.000718114534947005 0.0063384780733713 0.0109847799035777 0.999919318054061
0   -0.058953247498827 -0.00562004771631848  0.00073538410669604 -0.00276380800154601 0.00980086178230587 0.0156416512333684 0.999825806438476
0  -0.0785991036328429 -0.00587158057296577 -0.00226820697988536 -0.00398127613851956 0.00769968965151177 0.0164356773950622 0.999827351460313
0  -0.0997163056318843 -0.00663459008778968  -0.0143143479203101 -0.00257715148097964 0.0001503921007371 0.00450842494152434 0.999986504797443
0  -0.121077380011296 -0.0076560675258004 -0.0248221323012344 -0.00957932391709168 0.00459460019201881 0.00407845460143235 0.999935244108553
0  -0.138800527708744 -0.0102459446470307 -0.0415680339047184 -0.0226346129290729 -0.00086451115206104 0.00862018557278359 0.999706266519676
0   -0.16195173755582 -0.0151237735647125 -0.0488512148078655 -0.0166993142231468 -0.00618015371791035 0.000218931024550281 0.999841432765069
0  -0.182327778461235 -0.0166997580091128  -0.044605333233695 -0.0149127631489056 0.00406121857493032 -0.0011193034697162 0.999879924370269
0  -0.206707216865149 -0.0177571354359746 -0.0399265604522075 -0.0163123552586673 0.0138914031024656 -0.000851564066369783 0.999770078980363
0  -0.229156676019987 -0.0181630804279041  -0.037101540795867 -0.0200052568604135 0.0194936997409181 0.00113128835948533 0.999609176405963
0  -0.250938565270626  -0.021238618792173 -0.0360983687365271 -0.0209882479422961 0.0224204554717024 0.00663534250298117 0.999506272543911
0   -0.27428707949769 -0.0248202247174844 -0.0353716087820805 -0.0217836254681566 0.0265281317143332 0.0117582423767697 0.999341521015423
0  -0.298016624060064 -0.0249907645388232 -0.0392158018857381 -0.0256396849806117 0.0350579393371415 0.0116171037366633 0.998988783893143
0  -0.316511664517728 -0.0265847315452537 -0.0528831593965228 -0.0212112039149615 0.0367036644969475 0.00831619692799737 0.999066447594767
0   -0.33967619783455 -0.0312104260709928 -0.0644962851917146 -0.0224429968692316 0.0273773262829599 0.00960379122325905 0.999327054117552
0  -0.359454261532299 -0.0327283643995066 -0.0764408464263537 -0.0279981736335092 0.0207868295166421 0.00726786549175814 0.9993653926983
0  -0.388792196745262 -0.0420522742816661 -0.0822230182864521 -0.0319934497264654 0.0171199455013293 0.00148577019642104 0.999340341989432
0  -0.409715137759925  -0.041918738573036 -0.0757931537631813 -0.0292797418107119 0.0162787436495133 0.00952913265609791 0.999393263363084
0  -0.435419327553934 -0.0468448973696228 -0.0735558029587058 -0.0305588132082408 0.0147815001056976 0.00489443451403468 0.999411682291495
0  -0.459033141797656 -0.0515125551934685 -0.0747303842148212 -0.0352792865353836 0.0129210101755961 0.00505006726455322 0.999281199792241
0  -0.485717765156425 -0.0556089634279557 -0.0820018028401971 -0.0379495216065674 0.0141396076569179 0.00631427692707323 0.999159664524159
0  -0.500795388279699 -0.0577539069101475 -0.0796039515519612 -0.0459890451759121 -0.00161019115764087 -0.00508872718743406 0.998927685002201
0  -0.525647731721446 -0.0658006472252265 -0.0709476917802316 -0.0481966652544835 -0.00846610365517564 -0.00140961545152235 0.998800990954417
0  -0.556938714490197   -0.06618314181049 -0.0664058890799274 -0.0480123695456183 -0.00783550187345125 0.00275315731602331 0.998812213284259
0  -0.585244247476182 -0.0682050845910178 -0.0692519120319689 -0.0489659519454024 -0.00740524182265116 0.00743582980509849 0.998745316073491
0  -0.602362804492878 -0.0682242891728217 -0.0773816674044058 -0.0501815938903854 -0.0244356654220678 -0.00434852497363225 0.998431668278082
0  -0.622384973261469 -0.0713249586975825 -0.0805067390265667 -0.0599592935975208 -0.0258559609957614 -0.00498061028422066 0.99785346915941
0  -0.637619700030728 -0.0604027968368235 -0.0961286024638116 -0.0796350652881693 -0.0214390176185513 -0.00124684247361438 0.996592730398906
0 -0.633240521595386 -0.055989699625784 -0.103846715984205 -0.112955484186995 -0.0298990259253356 0.00131908359828703 0.993149216814502
0  -0.634065630311498 -0.0479838094846844  -0.102256934951634 -0.141704316799213 -0.0295001148780336 0.0038101433034663 0.989462031929805
0  -0.631835512733407 -0.0382083411027643  -0.103860197086807 -0.168737200630804 -0.0226712234682191 0.00450471823149382 0.985390014290478
0  -0.632328484434676 -0.0297370628471052  -0.102443079658315 -0.186760894693064 0.00163810146977676 -0.003162733599747 0.982398942361604
0  -0.631521717140094 -0.0201135600919269 -0.0945569821723355 -0.212245039947284 0.00749987268648547 0.00138233516409366 0.977186719146836
0  -0.633058452233735 0.00282650534710637  -0.107008075652214 -0.199544226535128 -0.00796648756303291 0.0108376886727067 0.979796499910384
0 -0.637794725120406 0.0246655839463367  -0.12527065003087 -0.18493445258785 -0.00979991924834935 0.0104910743016172 0.982645992811631
0 -0.641327889461425 0.0660385575059135  -0.12455995100542 -0.197514385749918 -0.0166587229964721 0.0124165957873923 0.980079783751819
0 -0.633586525543174  0.109934025511509 -0.111905043193913 -0.197967809937123 -0.0183932045944894 0.00987948702903966 0.979986138672118
0  -0.60495930736097  0.123650602257631 -0.106748441130341 -0.199809884026865 -0.0224224135667493 0.00144655265008423 0.979577027650426
0  -0.57598952629062  0.123097834324555 -0.104306146158242 -0.20241425516939 -0.0218920981951001 0.0034975643230328 0.979049014291237
0  -0.566433765280003   0.116083176365977 -0.0811171874365852 -0.215317836403746 -0.00999249119553367 0.0154204662043332 0.976371132647908
0  -0.536960565947955   0.117508452873254 -0.0798301322647105 -0.218242477759558 -0.0134660039418422 0.0141255544316113 0.975699419058558
0  -0.506886352797476   0.118977415705133 -0.0788977873168248 -0.218490608465867 -0.0200293342623202 0.0168511024057307 0.975487939509728
0  -0.479449190739952   0.115754771854226 -0.0779653024745002 -0.221112693639927 -0.0225569413647119 0.0134767517939642 0.974894219014888
0 -0.453105012100829  0.114830264059096 -0.073630992135898 -0.225255381857849 -0.0213034892830799 0.0124856986932422 0.973986797454967
0  -0.441274243626709   0.125306995868053 -0.0309901907316997 -0.232471680783202 -0.00634647120982898 0.0233137097851734 0.972302993347788
0  -0.448733201860433   0.133348620159168 0.00777896391367937 -0.238875786899521 0.00906427317468698 0.0267584466612174 0.970639059031331
0 -0.456635979953224  0.134288842057008 0.0390567568718036 -0.246133237048638 0.0220914402356779 0.021626612504752 0.968742838693449
0 -0.451542212869663  0.161254843348294 0.0807823974784921 -0.257841393551026 0.00535784669125231 0.00443268105416671 0.966162233058802
0 -0.434834632656561  0.159947416986273  0.100567639818433 -0.264592832870822 0.00328517207609764 0.0024214733887629 0.964351583658393
0 -0.420004798499287  0.159167532251814  0.121003284522225 -0.272283398589353 0.00460098225206496 0.00205970557877498 0.962203897013454
0 -0.407569279619938   0.15877718559591  0.143627957700891 -0.280310174886299 0.00152870708849298 0.00173409969481697 0.959906694324036
0 -0.388694187415361  0.158548022488551  0.159727989116057 -0.287490554645793 0.000508552613768789 0.00581854763268853 0.957765663858932
0 -0.372565484242423  0.160090792568048  0.175207629610774 -0.28953413739512 0.004512714003792 0.0101444928387015 0.957103290120888
0 -0.355566334196928  0.162491725035868  0.198109492161335 -0.289779984187728 0.00804432828257409 0.00731678826500119 0.957031511579492
0 -0.334007741752626  0.162078210914973  0.210163147776325 -0.293593184208998 0.013155625645222 0.00771916840961593 0.955808760233431
0 -0.317919752210759  0.159257737104009  0.216652772513015 -0.299040063357302 0.0191951306554416 0.0132250546165522 0.953955808932872
0 -0.300497539822582  0.156340325389799  0.218024359368504 -0.303496790918949 0.0136840077457695 0.0110971111509292 0.952669564937401
0 -0.279229604004332  0.154272587559124  0.217025951740252 -0.301999269371536 0.00911725528156108 0.00851825576190693 0.953226497887026
0 -0.260829820394159  0.151903315412694  0.213601191297477 -0.299662095639004 0.00725221781925714 0.0107321725633604 0.953957469830816
0 -0.241560564101406  0.151274303664873  0.208608496569658 -0.298146455597782 0.00427114847759331 0.00950056814991512 0.954463298147179
0 -0.222516200144709  0.148991365294193  0.200804323373193 -0.298017649291856 -0.000431355618103206 0.00654286632174448 0.954537838717347
0 -0.203924298924676  0.147528299453232  0.193779617165453 -0.298432463643825 -0.00415838779372314 0.0055450028504555 0.954405587472026
0 -0.22377623803804 0.142021063200092 0.195689740572417 -0.299284595812379 -0.00783283574068895 0.00447925947424656 0.954121225855626
0 -0.243609314370639   0.14311990082073    0.2004614902543 -0.299403803598252 -0.0046613517812418 0.00488853463525953 0.954102581706805
0 -0.265043204232958  0.143586854269526  0.209409914652714 -0.300160743557783 -0.000713983190392765 0.00711932870478331 0.953861799955128
0 -0.290351416165705  0.143768551119309  0.220388196191189 -0.301125536889184 0.0053287692738963 0.00997395553843916 0.953517454199001
0 -0.311136922657313  0.143417635318077  0.226403423513753 -0.301113775932525 0.0118817514121419 0.00918633396027638 0.953469941422071
0 -0.325397008364146  0.136394891466201  0.209492473464304 -0.293331681643884 0.0115807170229571 0.00549620720872832 0.955924789532902
0 -0.332248333850173  0.131648291938044  0.173584161605764 -0.28778416895569 0.00528558610994882 0.0110400993343381 0.957617069023232
0 -0.348592108389635  0.124519660446224  0.147186608929987 -0.280054218643275 0.00707140910718455 0.0223485187227166 0.959697959518641
0 -0.369778807409833  0.118998206559402  0.142288301960092 -0.275102330704225 0.0183805713825354 0.0282485303830814 0.960824064419679
0 -0.387927691784832  0.115360679078621  0.137615071335875 -0.271793265114661 0.0271002651701551 0.0286639749220276 0.961546864800509
0 -0.414405670741809   0.11137530992263  0.129031339775043 -0.26912965812714 0.0354804358675848 0.022290830255646 0.962192020686894
0   -0.438637644926 0.108896819997203  0.11273166059091 -0.268767970062202 0.0343803395148922 0.00824274699625712 0.962555882868854
0 -0.452940298683131  0.101381596341475 0.0860878687070558 -0.263457494033789 0.0255602628735292 -0.0023305988172025 0.964329502871516
0 -0.472821704987744 0.0942242773694705 0.0631422379567851 -0.251774403348269 0.0340893342295565 -0.0071903244882171 0.967158656242172
0 -0.501665880768639 0.0881374833504874 0.0615020205276727 -0.245264663459283 0.0422749540036728 -0.00264003992761442 0.968530383267026
0 -0.530517640755598 0.0833850006446654 0.0562344464723088 -0.241778927733538 0.0443171164532591 0.00238754349422007 0.969315863343499
0  -0.55723471743829 0.0780611265683781 0.0478174425434672 -0.240522180698005 0.0458408724394378 0.00766706916190563 0.969530252780559
0 -0.584879192432181 0.0769618716152243 0.0316282240268894 -0.241794357482842 0.0484564436331062 0.00819878728973434 0.969082164548945
0   -0.599714001742778   0.0664389004690161 -0.00520961638358484 -0.241659973641258 0.0361786285375091 -0.00774104156934175 0.969655423463548
0  -0.623110792660501  0.0602651200975596 -0.0177759820542441 -0.239720536885383 0.0209023684351837 -0.0059159020993713 0.970598865284487
0 -0.649475041466265 0.0560451823100975 -0.022189060787559 -0.24059385208203 0.013232247464009 -0.00113169829871283 0.970535020092703
0  -0.681346419899985  0.0524772790200691 -0.0263112644227751 -0.241864724066828 0.0107391182242144 0.00302982387436806 0.970245817697316
0  -0.713523583921392  0.0537003149925573 -0.0307674133264691 -0.242161049839242 0.0150972146695321 0.00443909579673095 0.97010844470012
0  -0.738369642930523  0.0501079531070039 -0.0357950334892397 -0.240424609527189 0.0185517310409349 -0.00609761927955723 0.970471359416755
0  -0.767429580621697  0.0432820456600651 -0.0454398856997995 -0.239717858290046 0.00286598118895145 -0.00282834267453112 0.970834246947631
0 -0.799427116753435 0.0431049387817509 -0.047375195118568 -0.232344227046731 0.00135871005649895 0.00125671136549401 0.972631859822401
0  -0.827051685720876  0.0439159414076094 -0.0516674324189186 -0.223582020963999 0.00434819951084945 0.00486296827852846 0.974663287808764
0  -0.853130831283463  0.0397910912272554 -0.0616430621262448 -0.208982581919174 0.010147838281616 0.00592169112398179 0.977848779416755
0  -0.864347454390099  0.0310314967518516 -0.0815450034331365 -0.205131074862198 0.00107705980828692 0.00327082970100701 0.978728452504123
0 -0.884698778175613 0.0276627241815399  -0.09764105358141 -0.19140282603887 -0.00355537388861027 -0.000581310518511371 0.981504956471911
0  -0.91711387192705  0.023314913640632 -0.113384403533767 -0.196717321891914 -0.00833635465200202 0.00412305543480777 0.980416136583171
0 -0.948583622701156 0.0168351790713299 -0.129881181499464 -0.198352031406025 0.00242030454775305 0.0100221559426247 0.980076614430352
0  -0.962872081874479 0.00606243081994236  -0.146262643452869 -0.183876487900468 0.0229293060695434 0.00717704234663483 0.982655674274419
0 -0.993227045838507 0.0069604764107653 -0.141192605756947 -0.178613233162461 0.0108750457570031 0.00567505116771734 0.983842894019812
0   -1.02310109123753 0.00388551451399701  -0.143477084214706 -0.179488919112871 0.00602454520463175 0.00636663688868619 0.983720945545788
0   -1.05637584004344 0.00152823786796691  -0.150784939213628 -0.181705230697437 0.000164100460807403 0.00796261071393317 0.983320791521693
0  -1.09168692638191 0.0013100259125078 -0.156098901920891 -0.185344057119124 -0.00545904419541472 0.00940739979839159 0.982613494796468
0    -1.09561380719798 -0.00556663560640567   -0.152887159655745 -0.191710289841613 -0.0358653197511685 0.00329412820067129 0.980790493595543
0   -1.13116898149792 -0.0088708150113687   -0.15005401581608 -0.191556044806385 -0.0428285368135084 0.0103899195815633 0.980491737702892
0   -1.17440160073133 -0.0110521045803399  -0.152040906088056 -0.192401100919311 -0.0427580351080964 0.0152718538007368 0.980265442255423
0   -1.20948758886021 -0.0117300110054833  -0.153613823123712 -0.194026139044603 -0.0405001830105965 0.0185202710676646 0.979984995856127
0    -1.2301217163464 -0.0237168137829338  -0.185397203710749 -0.181034225237369 -0.0524221858059944 0.0088647633830607 0.982038665072913
0   -1.25570562726933 -0.0325638977507185  -0.192804379505748 -0.16133604039244 -0.055577857259855 0.0104101393296365 0.985278342831116
0   -1.25160783896049 -0.0468247845275182  -0.195383741118336 -0.129820056513401 -0.0610558366418252 0.0122207941238241 0.989580512100864
0   -1.25007523430314 -0.0622064920097032  -0.198794464999432 -0.0974797760689342 -0.0680925007246442 0.0109101041758845 0.992845443273769
0   -1.26422913875524 -0.0724123415779739  -0.197258547362439 -0.0646873643017441 -0.0719923941890377 0.0106364340603125 0.995248464630368
0   -1.28392945193959 -0.0534595833316155  -0.191856562855203 -0.0882863863118996 -0.0741485978665816 0.0125308337447598 0.993252474264256
0   -1.30564668154997 -0.0419048622104745  -0.179689548692432 -0.114416891443247 -0.058459534385626 0.0134863012848062 0.991619572956048
0   -1.30808746734765 -0.0260432915790034  -0.137738647357788 -0.138629544077073 -0.0644832515984883 0.014263952489013 0.98813981775438
0   -1.30608613565404 -0.0114594211505654 -0.0794438542165869 -0.157577706645731 -0.0825889037524841 0.0158432455505802 0.983919372161997
0     -1.3095906109919 -0.00520142774620113 -0.00141570828127588 -0.166008614785139 -0.0813531236118871 0.0149753043464016 0.982648741593577
0   -1.33797754732584 0.00819512042893309  0.0937570860761635 -0.174900361110542 -0.0776452853497056 0.0196136035233354 0.981323789532891
0  -1.36198036427013 0.0301312042136653  0.165927764598847 -0.190215653559431 -0.0862191724084547 0.0177360301446357 0.97778816350213
0  -1.38666532719495 0.0347905630890792  0.249446572373702 -0.190371099162973 -0.0870344781853969 0.0119054492060878 0.977774055950391
0  -1.41715849114475 0.0586984968825191  0.321935008598118 -0.189068989559544 -0.0827836730885981 -0.000493346809086244 0.978467954133307
0  -1.45011854142233 0.0567924009906524  0.362787969971648 -0.201777340804905 -0.0683680289860205 -0.00201956611222462 0.977040244157315
0  -1.48123167608162 0.0527466942032777  0.380238246621463 -0.208214786217008 -0.0503148526980795 0.00448534821903043 0.976777815088944
0  -1.51853320634468 0.0490959450282703  0.394598522189247 -0.21143050275432 -0.0377292037220286 0.00913139757449097 0.976621865037791
0  -1.55504278261395 0.0427574567380303  0.396250907066724 -0.211894802787954 -0.0386402224308206 0.00947133361054607 0.976482370348584
0  -1.58576415904268 0.0411392151474307  0.409142791462495 -0.210225619904371 -0.0451303810887545 0.0105214548899484 0.976554011013014
0  -1.61721218783515 0.0428469768315074  0.425994333126587 -0.205469410944011 -0.0502421534650351 0.0152014634737842 0.977254809499433
0  -1.65238176816507 0.0449589992184392  0.444700135572195 -0.199224839301206 -0.0512959238891235 0.0155397739138085 0.978486947804864
0  -1.68373185925421 0.0424608951320898  0.461270879232564 -0.195352349898168 -0.0468953443932836 0.00965276353574959 0.979563734638855
0  -1.70888112559614 0.0442148341618474  0.476850360532047 -0.195397003500778 -0.0317318935627482 0.00570301845631693 0.980194150938642
0  -1.73640340348588 0.0466293091137083  0.493164370112207 -0.195887658595369 -0.0143783925056878 0.00930998634505033 0.980476726492389
0   -1.7604846136877 0.0486577669365074  0.505368562844983 -0.194783928688185 0.00466058796712837 0.0155724728697675 0.980711475477532
0  -1.78889881165213 0.0469356173882827  0.520549503538157 -0.192723291123844 0.0212187674624346 0.021773563080621 0.980782039454508
0   -1.8170706766587 0.0462766190485304  0.531229239734165 -0.189301640472388 0.0322362745502166 0.0244439758234148 0.981085217279075
0      -1.8420426573 0.0453702547709828  0.537054766184058 -0.184356251526926 0.0362427996032328 0.0232964631338021 0.981914714629186
0  -1.87094261350542 0.0404319458584202  0.541595223691122 -0.175167076749973 0.033440627933369 0.0173618625036955 0.983817455301894
0  -1.89309213850569 0.0381432985594452  0.548268676591025 -0.155098746562344 0.0261432688367146 0.0108982601287633 0.987492853764262
0  -1.90334309306721 0.0381357117873057  0.572488089782926 -0.122029030944152 0.0179312861674122 0.0116057847718298 0.992296674560105
0   -1.9017615832622 0.0378496019093919  0.617910183801398 -0.105963246958717 0.00934803057357623 0.0168761968709884 0.994182879855378
0  -1.89868874775966 0.0406131282833126  0.666959916230123 -0.114309197946796 0.0040588254358573 0.0203023685559476 0.993229453365062
0  -1.91548826296229 0.0388192015554624  0.686476902785633 -0.11835017562633 0.00493208787663333 0.0178649124804538 0.992798950110474
0  -1.93230390305276 0.0351742605558421  0.718684974142841 -0.117649279747757 0.00798691483379153 0.0192326601434233 0.992836824936545
0 -1.95414738255237 0.034283590188589 0.760197925139432 -0.11295228682228 0.0176623498247845 0.0228211640119534 0.993181260784467
0 -1.96821466324726 0.032405268693584 0.780053475886595 -0.108995929446867 0.0287170803093724 0.0230336274916746 0.993360291468857
0  -1.97845622817104 0.0279821886680159  0.794502620014245 -0.103248784235449 0.0364232734913697 0.0238984425410671 0.993701111072231
0  -1.98288504746631 0.0189321077651994  0.812797091450646 -0.0877320237148532 0.0419756858960259 0.0222145418580881 0.995011380808526
0   -1.98032065526596 0.00611123768579327    0.83084798612987 -0.0742535108039859 0.0332074657613966 0.0188963416198582 0.996507204501991
0    -1.96949973778448 -0.00395319034378691    0.842572227394201 -0.0579884976065497 0.0208705347013741 0.0165001268870353 0.997962675023132
0   -1.96519586501013 -0.0124614594536875   0.838512147869155 -0.0249573985250332 0.0156358111394634 0.0180246373376237 0.999403703273968
0  -1.96733799777627 -0.016398292077337  0.844290120246808 -0.00316899521418782 0.0174426760044623 0.0161317160273784 0.999712697859314
0   -1.96709322395448 -0.0275431431165691   0.847510618166395 0.0155952041716246 0.0162895577960094 0.0158334414910399 0.999620298935654
0   -1.96613934078274 -0.0411843200538593   0.846226738026723 0.0358412229194876 0.0193173948283064 0.0121573117458622 0.999096814511885
0   -1.96650806779112 -0.0287505364273264   0.845271548845642 0.0254641110050715 0.0324385032184339 0.0149371306167479 0.999037639275221
0   -1.96589658284975 -0.0198289228148672   0.842847043778119 0.0101710273984223 0.0461387869298813 0.0147170933516583 0.998774834337339
0   -1.96445504951232 -0.0119997095950821   0.840208156759849 0.00184072064907448 0.0751030961813619 0.015643217004759 0.997051366005386
0    -1.96320551596742 -0.00298948292770642     0.84119191142603 -0.00694638103736459 0.0798450496669821 0.0137341303628042 0.9966884616054
0  -1.96470325549237 0.0135112037355178  0.846146296239732 -0.0132722724698596 0.0615143026583024 0.0142062203904169 0.997916840550438
0  -1.96548565053222 0.0255195822929149  0.848947175035105 -0.0365382974878698 0.0644568617001465 0.00440567529070068 0.997241623590637
0  -1.96518543077427 0.0428180292309562  0.852633723817724 -0.0612380912409832 0.0694320689333586 0.00267386497024456 0.995701729651463
0  -1.96476407183622 0.0494394950451716  0.853578670032842 -0.0724177248896214 0.0702827949083377 0.00238165196873633 0.994892119576582
0  -1.96358661312785 0.0628439515050409  0.854019336572249 -0.0782104659419589 0.0692968036914775 0.000326696553288567 0.994525499564817
0  -1.96331254083287 0.0883628138493636  0.852520411071015 -0.0792080908437631 0.0677841362331261 0.000621905793300198 0.994550653538169
0 -1.96118684277331  0.11152024538665 0.856202935757709 -0.0854775551432978 0.0646294315438421 0.0031481995200678 0.994236748961145
0 -1.95757639453913  0.12936872196034 0.864918605942694 -0.0969764865237961 0.0604674401484813 0.00544101432606768 0.993433261526155
0 -1.95612213915536 0.140393499678195 0.880357997106087 -0.110858148695968 0.0580419896682446 0.00282072618648969 0.992135898860048
0 -1.9563932176921 0.15295100811998 0.89277409858052 -0.125463792488113 0.0552766296689327 -0.000826596384052804 0.990556736247531
0 -1.95610410954505 0.172749708919666 0.902512150227662 -0.138764006249058 0.0504702076903022 0.000235968723598597 0.989038549817028
0 -1.95642796884494 0.187223118368208 0.905598667109621 -0.147298832284455 0.0461608299617416 0.00287393682396957 0.988010107373407
0 -1.95161435869876 0.202226809521757 0.904571811458713 -0.154208250605743 0.0422582530094292 0.00484816978741665 0.98712235854904
0 -1.94991113347116 0.220753782860321 0.908053433930708 -0.158775858583195 0.0437992095755536 0.00430132433428997 0.986333287778881
0 -1.94798870921014 0.238529805066635 0.908419929978859 -0.159062133020473 0.0456444583761628 0.00310787863957161 0.986207971144467
0 -1.94495387237518 0.257888239261124 0.906620227716833 -0.156925547658746 0.0483841333942713 0.000870939670920001 0.986424142847172
0 -1.94396942201387 0.275613479491746 0.904592710274696 -0.152952446780827 0.0493923396866271 -0.000733302014805331 0.986998180379374
0 -1.94616258576278 0.289235824549719 0.902865371733471 -0.147581536367031 0.0486652326665821 -0.00198690326213401 0.987849906346344
0 -1.94963398737886 0.302762856164114 0.898188441032086 -0.14152995800821 0.0444550157558658 -0.00291120713835861 0.988931012474246
0 -1.94884307001641 0.315222283284928 0.893412661739869 -0.139995901356899 0.0399262243521913 -0.00161792782363001 0.989345453581208
0 -1.94525689230617 0.328545224271317 0.889636965512258 -0.146253760246344 0.0386080125503292 0.00180226077318166 0.988491785922789
0 -1.94263910001528 0.338407265429265 0.887480188583301 -0.162871982693265 0.0414505993688396 0.00598157792315822 0.985757975261209
0 -1.94317535830093 0.344638233377971 0.888778876828418 -0.185865063914506 0.0476991434092649 0.00869586007495132 0.981378291868959
0 -1.94999709915668 0.352091466885753 0.912144963772914 -0.188321494394506 0.033084304611848 0.00731425170035878 0.981522768589417
0 -1.94108948933712 0.350678509977422  0.91106382685443 -0.213504311384457 0.0312401990764536 0.00662630892834786 0.976420017723878
0 -1.92595741988125 0.348662701176569 0.910633012623257 -0.217848655607414 0.031637432220942 0.00718491146750258 0.97544318808412
0 -1.91278001277609  0.34415626804548  0.90863481696339 -0.219103272534713 0.030879959396138 0.00784185881565504 0.975181362271956
0 -1.89709696852658 0.338381710464023 0.906748621634421 -0.222322283324203 0.0275047227910937 0.00871016875788304 0.974546266486054
0 -1.88416623613312 0.333206667973975 0.901364316148911 -0.222460863038804 0.0268669568401035 0.00810439954262824 0.974537659484864
0 -1.86971645343387 0.327745846459962 0.899702515687621 -0.223765184837142 0.025454542413821 0.00876837074895771 0.974271175802565
0 -1.85415144008515 0.322381026399979 0.899327206923978 -0.225060413616525 0.0244982836754014 0.0100014493674328 0.973985428705311
0 -1.84073619557455  0.31578239989911 0.901307855329183 -0.228362361393354 0.0249577613340098 0.0129697756880871 0.973169834595507
0 -1.83035358857778 0.310691841809405 0.913301462510545 -0.236374857907797 0.0331661389628039 0.0153831936928901 0.970973887973913
0 -1.81463667188922 0.312725166021157 0.922426763268118 -0.245275721151457 0.035224072676013 0.0121657623656629 0.968736847417197
0 -1.80135357807362  0.31090597196864 0.920332986002517 -0.247952090672417 0.0307038882685886 0.0084136359183235 0.968249060266521
0 -1.78447720050493 0.305778204339189 0.917778857195136 -0.24955784499795 0.0249509239031343 0.00422146227905855 0.968029189979613
0 -1.76693680436234 0.302777904075578 0.915698360591075 -0.250420072553707 0.0214075350015723 0.00113102282600565 0.967899904687835
0 -1.74657584769974 0.300552499083866 0.913376504663025 -0.252196132914685 0.019052394970064 0.000496834015608335 0.967488434010838
0 -1.73041506191497 0.298706249582346 0.913173572285925 -0.253255599988718 0.0236275390660268 -0.000203605887479779 0.967110799762199
0 -1.71390049229797 0.295747284516009 0.912500487556015 -0.2541540935738 0.0283333482160793 0.000561810726226426 0.966748469079343
0 -1.69584153698643 0.293465917520573 0.911561771637898 -0.256124539186257 0.0334754915882653 0.00241141776780688 0.966060969584167
0 -1.68085644983733 0.292054050916833 0.913037731423064 -0.258353364575422 0.0361255963737974 0.00428068186827365 0.965365296694437
0 -1.66462595474975 0.288416429367757 0.912627629614083 -0.259450632864752 0.0383111438335935 0.00420156438428159 0.964987032151711
0 -1.65191720807334 0.284578982523151 0.911746057165068 -0.259512862403887 0.0444885066426281 0.00184881950992527 0.964712614663077
0 -1.64158204397501  0.27534333930696 0.906497470415138 -0.257962265540801 0.0635693064772736 0.00367186578230422 0.964054422858343
0 -1.62941032417938 0.265469544133447 0.900758769469478 -0.256035850397792 0.0656207420445823 -0.00034677306784384 0.964437370321701
0 -1.61826543031639 0.251412500617305 0.896902285066281 -0.247379611825267 0.0613756156403689 -0.003661030334892 0.966965851679796
0 -1.61436231787493 0.231653930340491 0.894934235995027 -0.232022286551815 0.0602915179252324 -0.0044981344648087 0.97082972667501
0 -1.61412926969567 0.214424275596062 0.892664144529181 -0.225036248603035 0.062277369784444 -0.00343820912327484 0.97235199117677
0 -1.61376248008527 0.195308229350701 0.889500171995494 -0.216029963595513 0.0654590006838944 -0.000554402373661317 0.974189851464485
0 -1.61276443207013 0.179921806745634 0.887738614708089 -0.212984752078241 0.0644339140323409 0.00143245793365239 0.974927543035333
0 -1.60568150165245 0.162480273472894 0.876055421483149 -0.210795829197695 0.0547469751290475 8.10600369297084e-06 0.975995843762343
0 -1.59678671928647 0.150413019818921 0.861649731437147 -0.21135259721736 0.0425802028931605 -0.003290123509248 0.976476410907272
0 -1.58603438886528 0.136496127590377 0.843540378228007 -0.211223741415758 0.0286090291585721 -0.00161708899462843 0.977017624987449
0 -1.59375444514088 0.111744985211355 0.804945977074329 -0.212893172548025 0.0358443032445808 0.000403773658259757 0.976417697491284
0  -1.59838900655348 0.0920099850117933  0.789579891641067 -0.207411729648172 0.0435519846156337 -0.000653650450879507 0.977283567743509
0  -1.60167650602755 0.0724325478927858  0.775514072481388 -0.198162395676691 0.0502445540956133 -0.00141405351025537 0.978879538133308
0  -1.60182417730661 0.0488250851399455   0.76405628914781 -0.189364578609268 0.0598077055402708 -0.00337032727335564 0.980077923238868
0 -1.59609942893831 0.030423291938056 0.760219981119977 -0.189193291016352 0.0640942266646712 -0.00741152498725504 0.9798177881831
0 -1.58452601255333 0.023549546142672 0.737427070940715 -0.18465547702311 0.0561775696794718 -0.0125361245976662 0.981116344298854
0  -1.58448174666538 0.0043490428045368  0.725071073518215 -0.173578276899081 0.0558871983143178 -0.00701486288927415 0.983208011842848
0    -1.5968116156961 -0.0195117377181197   0.723913914622103 -0.163258749503163 0.0562572135313354 -0.00214243371899943 0.984975693412844
0   -1.59972735922013 -0.0392406933014746   0.716494665846035 -0.146445387956286 0.0539201920943644 -0.00486685213187012 0.987736136314333
0   -1.60186519942241 -0.0558714291289074   0.717653750755578 -0.133043827519975 0.0557850905015499 -0.0102909508916399 0.989485452124646
0   -1.59958633632098 -0.0757262807743669   0.714957701984818 -0.119609562456333 0.0647822967437709 -0.014956902823916 0.990592296384099
0   -1.59690321843954 -0.0868701831657668   0.714395977181871 -0.0970349639107422 0.0675095463130559 -0.0115370317996859 0.992921736005764
0  -1.59845621885473 -0.100306213037363  0.715859042117417 -0.073689460438168 0.0599150745292001 -0.00302895559807977 0.995475199436167
0  -1.59636488909966 -0.108858079609662  0.711657564466695 -0.0517182974216167 0.0507136685471508 -0.00232628745322547 0.997370507845998
0  -1.60070879221602 -0.116391248864575  0.704658254213543 -0.0245081787934427 0.0552580634189843 -0.0118288407007204 0.998101184313038
0   -1.5821673304365 -0.118903586991881  0.706901968042239 -0.0273845804225196 0.0625271463659108 -0.00910687936749726 0.997625934642141
0  -1.55604193951428 -0.126403024692584  0.709744807382475 -0.0295949058823237 0.0622060114366488 -0.013755587293635 0.997529617357383
0   -1.5317506258665 -0.130536993195031  0.708229142343629 -0.0291329611547283 0.0595935344051363 -0.014709257519485 0.997689089333289
0  -1.50734547350384 -0.129047590411204  0.700052420201769 -0.0234675395532749 0.0562675352450834 -0.0110878049870045 0.998078303363684
0  -1.50550816917542 -0.139564635184523  0.690980779976608 -0.0266374659370631 0.0709490245904508 -0.00150601930622976 0.997123068243817
0   -1.4908342157795 -0.129787583428159  0.694441407784254 -0.0323775741127398 0.0705984271529928 -0.00363558148276061 0.996972586045063
0  -1.49058237785634 -0.113641389948602  0.692807051712687 -0.0407907020099785 0.0693848730735004 -0.00240184549157799 0.996752772334415
0   -1.49308825424347 -0.0984013458018276   0.689093661448465 -0.0446627027302863 0.0646544764340729 -0.00314251659919134 0.996902786760718
0   -1.49307564466442 -0.0798351770343548   0.689979057083589 -0.0497361782170813 0.0618703976312752 -0.00487823203925617 0.996832267397819
0   -1.49377133327062 -0.0633306470158118    0.68815465667838 -0.0583283673842281 0.0622958448444796 -0.006602783306077 0.996329981746016
0   -1.48591259215395 -0.0414686393760926   0.685538470652806 -0.0649508335814475 0.0593747613705537 -0.00874326889973065 0.996082116182302
0   -1.49109511092139 -0.0251830857006026   0.687561681643577 -0.0782868065439935 0.0631748612852888 -0.00810782066343644 0.994894153197624
0    -1.49029607427636 -0.00547752498645495    0.689593788609101 -0.0881146117285831 0.0636471428445356 -0.00626199207486923 0.994055151318529
0  -1.48947656316499 0.0128822675888729  0.692373582194179 -0.0974903083601104 0.064845755892612 -0.00543915289086939 0.993106783449996
0  -1.49098414603992 0.0300338362085009  0.691891068176869 -0.111229269267568 0.0688287051062013 -0.00348937663736853 0.991402281247269
0  -1.48497873571007 0.0513827008398439  0.678667441296406 -0.119499074181638 0.0740568430100524 -0.000565149751163403 0.990068298593019
0  -1.49536005685327 0.0265775683404153  0.654153992953303 -0.109204064625016 0.0747380351794485 -0.0100459702179284 0.991154769372206
0   -1.49511300526456 0.00763317909068199   0.650653005005768 -0.106633440678568 0.0700064239586744 -0.00757406462942825 0.991801917460618
0   -1.49541448081673 -0.0104431901907684   0.654528586451046 -0.102699028086188 0.0648791061273478 -0.00647910104675658 0.992573237835826
0   -1.49875835524643 -0.0318973982899521   0.661208853951881 -0.0928028959751419 0.0607456050396064 -0.00533497586916583 0.993815441618551
0   -1.50213191472488 -0.0507116666052074   0.666406267371856 -0.0772885585356942 0.0564409333552944 -0.00311532378352324 0.995405040432879
0  -1.50615755743088 -0.066552054655585  0.670882126288095 -0.0618313281230252 0.0516775767415169 -0.00207724083861487 0.99674570477889
0   -1.51374624499527 -0.0779552754243896   0.672406285621617 -0.0490915872457882 0.0482871292184045 -0.00162258649464291 0.997625048014835
0   -1.52207735630513 -0.0885133744000141   0.677184119368493 -0.0390875287885092 0.0432566544402352 -0.00300352428753674 0.998294548608626
0   -1.53824916612004 -0.0858207307740862   0.678419683225135 -0.038621568027852 0.033747844329672 -0.00944752320873977 0.998639174973319
0   -1.55675243054392 -0.0861963722648214   0.686128310163668 -0.0342742951480877 0.0240650332017326 -0.00892139511269913 0.999082857213727
0   -1.57604309559147 -0.0877773780247398    0.69421813186649 -0.0328030146059934 0.0150677066386196 -0.00186711029509844 0.999346506647498
0   -1.60684218945607 -0.0774300567161103   0.715495655226048 -0.0250563918507615 0.0133497713137567 -0.000414817383282814 0.999596813100077
0   -1.62732511038499 -0.0763633005772925   0.720853076494369 -0.0229207464059451 0.00985297342870766 -0.00309382641533629 0.999683943322548
0   -1.64707296663187 -0.0760265159516983   0.719496602935754 -0.0252260489093814 0.00732751054861099 -0.00413893738993876 0.999646349086948
0   -1.66760299215998 -0.0792644306106595   0.709124628099566 -0.0286569340208879 0.00941918495655192 5.77746121022168e-05 0.999544924327752
0   -1.69185379604067 -0.0815965346339926    0.70118050541848 -0.0291765015267035 0.0161803386356613 0.000900723857096968 0.999442903370088
0   -1.72129595021805 -0.0874099830668488   0.690780234379811 -0.0289160248583346 0.0243527127120783 -0.00179249651222958 0.999283541266546
0   -1.74231208796565 -0.0921795408307659    0.67658507211218 -0.0266177391525125 0.021253763753343 -0.0048595228375311 0.999407903974407
0   -1.76330798881172 -0.0928810848741062   0.654994188693744 -0.0429817797276664 0.0201936113321902 -0.00594629516527112 0.998854056530089
0   -1.78484591588673 -0.0967969355779671   0.653952227572936 -0.048686755645525 0.0228075084131433 -0.0113948717133703 0.998488645044766
0 -1.80780899433759 -0.10003000709378  0.65757424608652 -0.047946022282489 0.0242545380642867 -0.0122324511565685 0.99848047725996
0  -1.82975836569935 -0.100067512112447  0.656828244485797 -0.0450133248181534 0.0240136774050546 -0.00821683577248228 0.998663921194808
0  -1.85410555841366 -0.105349076778049  0.657572337496975 -0.045979662172108 0.0242543167972362 -0.00397490764392308 0.998639974611702
0  -1.87280445399866 -0.108543542254649  0.655066456373222 -0.044877045227845 0.023677778799816 -0.00135188318224241 0.998710962198066
0  -1.90841132275964 -0.109265436931582   0.65342441944323 -0.040824261475865 0.0273330497272811 -0.00087350435549232 0.998792030934217
0   -1.9204248524532 -0.110777474654077  0.642908319340385 -0.0368437905541625 0.0166196297820618 -0.0020125654949492 0.999180800748111
0  -1.93888616623934 -0.108303630776946  0.639979745481478 -0.0364525951853209 0.0113510585059896 -0.00384954366868213 0.999263500178302
0    -1.9332553509469 -0.0981763384089796   0.654378619780291 -0.0472008900999615 -0.00869054012264668 -0.00775572433548391 0.99881750046051
0   -1.93391221802922 -0.0891993756400069   0.661943362894526 -0.0539809027648533 -0.0173770673956027 -0.00783125845526413 0.998360040795117
0   -1.93286830285255 -0.0728758766857728    0.66617566183277 -0.0622767236956667 -0.0284214977367715 -0.00916484039732027 0.997612065811468
0   -1.93103017323284 -0.0838811022895161   0.666471847971342 -0.0643727146697084 -0.0384138689299764 -0.00876218419595114 0.997147808706412
0  -1.92783717179483 -0.106396404584541  0.657695784564151 -0.0562500628996062 -0.0380217578480363 -0.0110939651248767 0.997630793576333
0  -1.93647019978284 -0.103263782878487   0.64418060701156 -0.0446110545130775 -0.0369007874556167 -0.0107588168186113 0.998264711166858
0   -1.95695615851364 -0.0922072586308099   0.635621291998365 -0.0347094219796758 -0.0298480070920865 -0.00705041631327635 0.998926746127201
0   -1.98035783005431 -0.0860705703112085   0.627439269711128 -0.0284909597119655 -0.0228314598335508 -0.00378707478959197 0.999326096787779
0   -2.00085419924782 -0.0749579685651691   0.617354563402829 -0.021061042906731 -0.0153473645463101 -0.00130507723142016 0.999659535865378
0   -2.02661780285243 -0.0695394078413451   0.615900827540378 -0.0186995847570548 -0.00571140974150018 -0.000763502786102729 0.99980854286817
0   -2.04821228120772 -0.0583083232318922   0.598744768013658 -0.0113589558703959 0.000837812310644836 -0.000683795997874171 0.999934900188557
0    -2.0641439119753 -0.0541155326162455   0.591599506847211 -0.00807523195042955 0.00593053642161765 -0.000928705852027758 0.999949377154733
0  -2.09388613560808 -0.049682015647634  0.579536117757289 -0.0036177121585768 0.0152708898943493 -0.000478127888456818 0.999876734139911
0    -2.1163005306496 -0.0471105042455157   0.573624310849132 -0.0029826863643773 0.0213967994541069 2.63326389967717e-05 0.999766612696066
0   -2.12973219725892 -0.0428294296330938    0.56274560266962 -0.0165318383344845 0.0202852986174328 0.00191636924892097 0.999655706986253
0    -2.1470942618333 -0.0412643979778195   0.558656263522352 -0.019370283087696 0.0209887649952924 1.19806510241856e-05 0.999592048654619
0   -2.17610045375644 -0.0399803795651978   0.571648875668504 -0.020873905192722 0.0286062797742847 -0.00148514752804634 0.999371680195262
0   -2.17915433977482 -0.0121855449043366   0.570331929160088 -0.024934180127097 0.0293778793186308 0.00104958470590708 0.999256786436837
0   -2.18335704751812 0.00863757730137083   0.573101657307088 -0.0260224381194151 0.0299372042428856 0.000502465653366111 0.999212862229419
0   -2.1844208050316 0.0353799874135476   0.57325910914685 -0.0325757753450826 0.0307907027219721 -0.00428203785465386 0.998985693410254
0 -2.18033823572487 0.056762152912202 0.573748518129109 -0.0360515787916741 0.031440231999478 -0.00861160747193226 0.998818119426753
0  -2.17756910622727 0.0746401448562894  0.575098769037714 -0.0376250623750941 0.0324159049363872 -0.00897813093811453 0.998725666513725
0  -2.17179658140804 0.0934046154725541  0.577789085569824 -0.0381806643054488 0.029214487595701 -0.00378468233826389 0.998836536560069
0 -2.16795470412236 0.113495778255714 0.580921587278303 -0.041222685820652 0.0235280699350275 -0.000721981262772774 0.998872663977707
0 -2.16388531133043 0.138307120774973 0.586246916864242 -0.0455163716073591 0.0172768980416686 -0.00112890803577081 0.998813543298451
0 -2.16430569038518 0.156782369130823 0.588210023671446 -0.0514019070592185 0.0159832994265362 -0.00322613272631316 0.99854492645937
0 -2.16202197446072 0.182836420623032 0.596324294099613 -0.0554103679094948 0.0150011669025866 -0.00497328478382442 0.998338581122734
0 -2.16007767600182 0.203962317931371 0.600461580585713 -0.0583313436519185 0.0164722528716605 -0.00691561422744576 0.998137412139707
0 -2.16187489343905 0.226419412768475 0.595646615451592 -0.0571207871306082 0.0197045775714494 -0.0074621787293517 0.998144909914849
0 -2.16108288637944 0.242599317503998 0.592520326641279 -0.0514231104773674 0.0208836197105282 -0.00433780907863693 0.998449158219394
0 -2.16203956459301 0.225054480568235 0.586994746006153 -0.0461596558144471 0.0178731420762547 -0.000267035109968483 0.998774131452985
0 -2.18332763395077 0.175015404707149 0.598518042292133 -0.0568070025103505 0.0218369151920759 -0.00215936439780765 0.998144003010628
0 -2.16936717767388 0.160537047252191 0.591652873028341 -0.0497979028158441 0.0200647342029663 -0.00365843574701364 0.998551045848129
0 -2.17815576100087 0.129928923995597 0.598037061934979 -0.0539053979404013 0.0248485067411099 -0.00871916831801499 0.998198745686181
0 -2.19961098603177 0.104410592232079 0.605935084084552 -0.0608255872837889 0.0320805544847743 -0.0147862089130971 0.997523159621625
0  -2.21097634130504 0.0915064220192572  0.610635997434712 -0.0657828392874098 0.0356868618658372 -0.0171648490851893 0.99704785938356
0 -2.23205596959725 0.073887090795604  0.62291256833595 -0.0744934629511252 0.0418038939377839 -0.021684352043495 0.996108903336197
0  -2.25660057887451 0.0642616871150863  0.637721617684017 -0.0837281615387661 0.0490251618738181 -0.0239839360687851 0.994992914185439
0  -2.27902204947781 0.0582849896493807  0.652870565868414 -0.0920802879679506 0.0562215616008902 -0.0239630120817549 0.993874303235005
0  -2.29326205400599 0.0552398276062163  0.668143575943529 -0.096753615341492 0.0626024528642675 -0.022365718216843 0.993085819787179
0  -2.32268214802881 0.0522792982888451  0.726956275664345 -0.105658786341693 0.0774581796330494 -0.0100378215676742 0.991330264551078
0  -2.33817304294225 0.0501121024830919  0.752927688536444 -0.107645575213265 0.0832304896162416 -0.00505963120764421 0.990686386232943
0   -2.3516697919353 0.0473443137359355  0.777041164865256 -0.110345947387597 0.0887425635145812 -0.000877083259878445 0.989923108145754
0  -2.36190923225548 0.0482677255243716  0.797621642322545 -0.113635154632225 0.0942538623958638 0.00199486155745275 0.989039575336871
0  -2.38576827096659 0.0421989807824515  0.834468243593872 -0.118245978174294 0.107873781104723 0.00848271219745464 0.987071010408851
0  -2.39454563812295 0.0402644760259591  0.846925447962331 -0.121100143530193 0.112537442045725 0.0113711873826672 0.986174819934214
0 -2.40352199727536 0.038926176313908 0.861063023993633 -0.124054653141257 0.117723550733529 0.0139274114648678 0.985168836213662
0  -2.41963177606799 0.0346686604344634  0.888954845418847 -0.130577906369552 0.128152642693191 0.0185576444035159 0.982945534794827
0  -2.42293703586492 0.0330547642336865  0.900481988529864 -0.132549044373626 0.128136222225123 0.0201461119480412 0.982652529413571
0   -2.4301184386967 0.0315523967733706  0.920955566406276 -0.136187788131015 0.133038886131608 0.0223102411770884 0.981455956362517
0  -2.43471188591245 0.0319795684536497  0.936653113000942 -0.138887534263488 0.138377810685152 0.0232452163614754 0.980317037622269
0  -2.43747504099161 0.0337210040154787    0.9518062556074 -0.13958928129675 0.14491711542782 0.0236119748204594 0.97926316016085
0  -2.43827060364883 0.0278115968785861  0.942104579784235 -0.13839343418322 0.166571520677345 0.0245639612832726 0.975959936513936
0  -2.43850130701002 0.0227420174563722  0.924990032960741 -0.125925041592709 0.172478849534585 0.022686591392919 0.976667419818062
0  -2.43815714946684 0.0171575760115165  0.907548905374379 -0.117650407802308 0.18179165027729 0.0222673665969822 0.976019642127271
0 -2.43226243609692 0.017739558981304 0.886191778247134 -0.116688461487073 0.182471043163373 0.0195596148416073 0.976066361898564
0  -2.43471530673333 0.0206901820464712  0.868900960441143 -0.130241830711803 0.167886108459203 0.0173521790389618 0.977010860738949
0  -2.44156629033657 0.0220063414452849  0.864452252029022 -0.142628374783312 0.151102000547326 0.0162654606912425 0.978039246107112
0  -2.44979737798653 0.0270172575095648  0.869508742952435 -0.140422307603283 0.097676258111363 0.0164996723131941 0.985123690174127
0  -2.45575967333334 0.0270007753909997  0.879477630973365 -0.127952315268006 0.0830149933347991 0.017019242604912 0.988153359190938
0  -2.45856414183363 0.0234531433857797  0.893784404499092 -0.110332464989091 0.0804665220651805 0.0192056456914642 0.990445873922315
0  -2.45418520866715 0.0208746612109424  0.903503783794033 -0.09842072855013 0.100653606648795 0.0199135084815514 0.989841231632733
0  -2.44576310756726 0.0221268005276087  0.907794148724697 -0.11125053630412 0.123855098652799 0.0182851618489896 0.985874680456856
0  -2.44144930054368 0.0226624632366497  0.904600228347693 -0.127232157117981 0.14413985289794 0.0131200278815322 0.981256106156825
0  -2.43227143935207 0.0278338236016718  0.875749005642029 -0.14962763983983 0.146808210144732 0.00985584705375058 0.977732980475199
