0   1.6384827324663e-05  0.000258174998398834 -0.000620530163698154 0.000133510951486878 0.000589628046995735 0.000315747619833948 0.999999767408489
0   0.028780759379182  0.0100867598336093 -0.0204962140547072 0.0083249505435575 -0.0101955452380708 -0.00760730379381581 0.999884430814249
0  0.0587730326262086  0.0152025281098663 -0.0429448820943852 0.0144563065983287 -0.0169904881851711 -0.00919674409846663 0.999708836816376
0  0.0742896450596893  0.0182669469798176 -0.0591828309499483 0.0212745294534693 -0.0213155086182976 -0.0151466087728654 0.99943165035512
0  0.0889803503178847  0.0231953839561171 -0.0765343469739279 0.0414711416212305 -0.0283680280685259 -0.0124371021673053 0.998659460419725
0   0.102044376227746  0.0280305974609183 -0.0957876697718257 0.0535433621555315 -0.0291437676879902 -0.0238916246249795 0.997854167424684
0  0.127573655997472 0.0389251791898515 -0.147990062635461 0.0532048079614977 -0.0285328409352706 -0.0228898910497409 0.997913412218552
0  0.155606469522375 0.0436553368515168 -0.216485937531595 0.0580355487929635 -0.0369338995235564 -0.0239237308566007 0.997344181937301
0  0.166813406695708 0.0421241122523461 -0.266568213023721 0.0692204078081722 -0.0261090069498856 -0.0206814092677305 0.997045201688299
0  0.190608248726913 0.0453756749988387 -0.312980773369637 0.0881167845543734 -0.0117914573438215 -0.0217821119581874 0.995802155757934
0  0.243699747734169 0.0519106302993978 -0.364902759230964 0.0949567055695455 -0.0245788951357176 -0.042767013839181 0.99425856018873
0  0.256682836357013 0.0506122718854881 -0.388789611847724 0.11649357256505 -0.0253278597133936 -0.0434268333906108 0.991918271439252
0  0.268503928413326 0.0548176376679439 -0.398649741556175 0.140180352834218 -0.0246032478192469 -0.0380698641989017 0.989087879976241
0  0.273777291328124 0.0596948612865377 -0.416220286993026 0.154998006085981 -0.0174809583494988 -0.0342120846677736 0.987167446519201
0  0.271399768956095 0.0662570029579903 -0.440938457628322 0.157304279993872 0.0128064277911096 -0.0194634218177615 0.987275308165856
0  0.325664323169027 0.0920782052966687 -0.475214237895215 0.160630140831678 0.0153944560257687 -0.0173464544089844 0.98674214924645
0  0.353802200244968  0.102105854978397 -0.489673317738586 0.163018441084801 0.01242235978598 -0.0236197307936344 0.986262024596337
0  0.401280189596901  0.106606908284092 -0.495726855752249 0.164676254377059 0.0235218209714929 -0.017079649569775 0.985919236425125
0  0.447538754045727  0.113681868993964 -0.500787989801588 0.169436308022227 0.0342654879608685 -0.0211931257199916 0.984717251438613
0 0.481756858936231 0.117669753530528  -0.4976943606735 0.172070980711842 0.0433797744628597 -0.00979796470317117 0.984080165765011
0  0.525329908720521  0.112056116881981 -0.493283696655342 0.174675845661205 0.0418139680537443 -0.0164083688436166 0.983600887784286
0  0.569608409301358  0.106196696398853 -0.507358807389093 0.174144162578397 0.0387356769403936 -0.0169176229170453 0.98381255938653
0 0.604942768013176 0.109987540452162 -0.52655393541849 0.17185677192772 0.048366979590222 -0.0142024940020313 0.983831374978469
0  0.607636135818499  0.107364733485871 -0.492515390288787 0.181566835332989 0.0681956671270639 -9.52136654840133e-05 0.981011124415323
0  0.611622169734563 0.0913216822415928 -0.462282723670967 0.187029867906355 0.0914439845490665 0.00694143128693595 0.978064232416466
0  0.627641157279977 0.0791689460091239  -0.44231587052192 0.187234901595817 0.109682260865962 0.0156841990740221 0.976046566089519
0  0.646679992890912  0.081830795138926 -0.438631351424426 0.189007563867515 0.118343990496514 0.0192194055434462 0.974628880736039
0  0.679375417032474 0.0765092632493373 -0.444447834159325 0.183953142437287 0.117209582208654 0.0143750942450193 0.97581581863145
0   0.71338532916042 0.0731360446151799 -0.453097992555405 0.176300887335548 0.106416683622592 0.0148947264069863 0.978453695223606
0  0.730933953007886 0.0773553670391399 -0.455689179305456 0.167504031735661 0.0967979002363208 0.0137565191690224 0.981011378141197
0  0.738528677842615 0.0784170460102452 -0.434721302734179 0.144480350008898 0.0889517474590824 0.0133982703330966 0.985410321357232
0  0.741714676770121 0.0778479993177291 -0.417024781286964 0.140350016930518 0.0914848796586403 0.015134104922699 0.985750145021362
0  0.744354459595254 0.0759281175307019 -0.419409960582655 0.126799665106844 0.0934700062650159 0.0178053303306895 0.987354127488929
0  0.743206058265799 0.0782610982584483 -0.432275399108443 0.120150466259394 0.0932198450786791 0.0183557663057347 0.988198862468727
0  0.744000105341304 0.0831129372588235 -0.442763284507361 0.113680621724224 0.0906299622372056 0.0187104562142302 0.989198081790261
0  0.745718378142816 0.0891026140177546 -0.430362457588852 0.0988342320333765 0.0885268774898464 0.0231318383484394 0.990888341133799
0  0.748303994185742 0.0988399195742085 -0.423537065691918 0.0844928178057591 0.0887195589762023 0.0275673230782166 0.992083588359677
0  0.744436127854239  0.116425879094602 -0.400171611586095 0.0682575692956274 0.0803866272147252 0.0267967126052048 0.99406279006532
0  0.743327618273502  0.127191119090646 -0.390071958166245 0.0455434041631733 0.0846651272422242 0.0286466516445272 0.994955769828913
0  0.748480002689703  0.134075068353074 -0.376468610664921 0.0401351308274932 0.0816336327440235 0.0315445746483912 0.995354238996713
0  0.753437530987264  0.143309261842306 -0.364586432195832 0.036374550676543 0.0777419270314732 0.0273602708375176 0.995933983968923
0  0.745780235955386  0.167228414363568 -0.356852477623882 0.033629909019492 0.0788198919356863 0.0280562285443433 0.995926353649935
0  0.754888924505749   0.16175349699784 -0.356862582689559 0.00245142437214643 0.0760305186100208 0.0306266846423398 0.996632006783977
0 0.755158755173897 0.174322250080189 -0.35862435197695 -0.00630502178968195 0.0738059989201508 0.0265185932500919 0.996900037835121
0  0.752312832582605  0.186722866674527 -0.348396037474924 -0.0135167533697304 0.0733141231436829 0.0229601873714548 0.996952940976595
0  0.753282153200104   0.18365624036822 -0.337909296946028 -0.0303018776984838 0.0675068854924981 0.0238679325526371 0.996972887502319
0  0.751042806412237  0.188314924971518 -0.328267150042221 -0.03228474745845 0.0622918059651785 0.0211038343322211 0.997312415528664
0 0.746508952310385 0.206459411037928 -0.31436462553167 -0.0246950844852723 0.0542427934057082 0.0182012977929194 0.998056403678903
0  0.731524013578827  0.194385070294408 -0.310416224346802 -0.0279404644473713 0.039992877492999 0.0133226339813073 0.998720385102905
0  0.721892292993363  0.195716710728515 -0.305182164922748 -0.0242486004246013 0.00841349842964458 0.00639536899278749 0.999650097622697
0  0.705012718198836  0.195300225817475 -0.298009180651377 -0.0124102472028708 -0.0114459671292069 -0.00361623066589367 0.999850938128585
0  0.693227425744883  0.193917374603307 -0.294637630632072 -0.00662307534910813 -0.0363945257161122 -0.00998275724484916 0.999265689358246
0  0.683362490426299  0.192594399720676 -0.290028186705379 0.000383666092877312 -0.0638349481003495 -0.0210029888468831 0.99773935807948
0  0.672394502387579  0.193949334349057 -0.288468997205344 0.00730965983314326 -0.0799887997032816 -0.0278742320796941 0.996379138672182
0  0.651279237438791  0.199997101143438 -0.287483411244973 0.0139715242945607 -0.0827220742348995 -0.0316803274092312 0.995970989436141
0  0.644090936874927  0.193118352349061 -0.287722580897984 0.0104611596326325 -0.0889589448115284 -0.0351671360331779 0.995359303377622
0  0.637536888956103  0.190971018266483 -0.291778558018974 0.0093697412418126 -0.0913406787975317 -0.0347979546846587 0.995167418425479
0  0.63541309177315 0.189653572971838 -0.29898468092512 0.00871465418939958 -0.0940698839903073 -0.0317770542069541 0.995020165903354
0  0.630585923336671  0.189240321866331 -0.305472910384736 0.00961679706221827 -0.0960848763184065 -0.0287885907795149 0.994910262686073
0  0.601177464471783  0.190741549673503 -0.309935856117289 0.0152844267781263 -0.0945556962666017 -0.0361654330444148 0.994745026654726
0 0.550696222110507 0.179524399077686  -0.2648966555978 0.0267603135928237 -0.114748852837832 -0.0430963977253822 0.992098426010197
0  0.522820428161968  0.172742437737323 -0.248368834498788 0.0374383185989607 -0.117623336085483 -0.044098958966351 0.991371981108347
0  0.492825715234351  0.164775641585389 -0.214819311597409 0.0498947650938657 -0.126794646487969 -0.0421069465380947 0.989778073656644
0  0.433643309966414  0.161174892755402 -0.188305065276418 0.0655284831115004 -0.151256030140553 -0.0429687942799419 0.985383840929693
0  0.400931260243021  0.156781804738934 -0.177128582842135 0.0736452441283652 -0.143206109639001 -0.0381063540438207 0.986213107781895
0  0.385674244477439  0.147821159819924 -0.176983531100859 0.0736554381423286 -0.142090499857212 -0.0320849188383322 0.986587920190353
0   0.32396755856503  0.126329417410954 -0.173507748137867 0.0669896456829302 -0.143379962448453 -0.0216276981169378 0.987160988093492
0  0.299195739061689  0.124448386041644 -0.163331548155989 0.0618781466602918 -0.144881279966045 -0.0275489144983377 0.987127938512152
0  0.27412731602741 0.118839846770508 -0.13687735943058 0.0580561846607076 -0.162956276075341 -0.0352307425908929 0.984293414733022
0  0.233851377462444 0.0990258066096851 -0.086598718182275 0.0656906595878348 -0.192131533009469 -0.0433588445664814 0.978207657843776
0   0.221456726187476  0.0913640013803789 -0.0663573188245078 0.06932548161037 -0.203821577781699 -0.0419332151009319 0.975649705325312
0   0.207595903956745   0.085706297272868 -0.0510310198271489 0.0730699999349016 -0.223085534487899 -0.04598747210616 0.970967956124736
0   0.192457190133677  0.0888079535437585 -0.0454872096323801 0.0728261323359588 -0.249802171924245 -0.0553027405180656 0.96396931291515
0   0.182071542832114  0.0861896156914308 -0.0405361360479906 0.0706448785082401 -0.268252551342283 -0.0593010489221017 0.958922966371987
0  0.179446737836776 0.0874496551225502 -0.049348527325172 0.0702598950689617 -0.274040921494143 -0.0624141164516549 0.957115248316053
