0  6.17423753204003e-05  2.65014449223857e-05 -4.45328837411817e-05 7.79556814957912e-06 3.9612883961681e-05 2.20709611752329e-05 0.999999998941461
0 -0.0203900823529079 0.00196887459376627 0.00392554623663865 0.00403806729962822 0.0078522717289691 0.00541628260038979 0.99994634842274
0 -0.0423308889797507 0.00410721013097897 0.00072016029599991 0.0042294873511218 0.0113681089912282 0.010658008023541 0.999869633702154
0  -0.0621239166768129  0.00777521716893196 -0.00149232936139113 0.00497474963766264 0.0087844897060057 0.0116886259585882 0.999880723201447
0 -0.0826539140713935  0.0136232395996459  -0.012280592439078 0.00953533894040901 9.4533818385672e-05 -0.000671160708870028 0.999954307915092
0  -0.101260128160948   0.015067961103873 -0.0214031890184479 0.00507373083298058 0.00382022984922879 -0.00169559587707731 0.999978393793564
0  -0.117673170569316  0.0180852890514346 -0.0359764529001965 -0.00583478092236296 -3.28238620004144e-05 0.00305853809947026 0.999978299563984
0 -0.139619905904545 0.0176706086957841 -0.046368353327224 -0.000197724626736453 -0.00721726121136967 -0.00482390456767666 0.999962300284516
0  -0.158246141227668  0.0189279226313844 -0.0420879938044064 0.00377117815619252 0.00217444367349189 -0.00689340291150825 0.999966764950878
0  -0.178279267973599  0.0188386633752318 -0.0383864403806824 0.00414211464489374 0.0115216661927626 -0.00650277161852151 0.999903899410183
0  -0.200807239259987  0.0193999834022178 -0.0358649702850367 0.0022799883781997 0.0194706832252613 -0.00598356024514007 0.999789923511199
0  -0.222886151730171  0.0183280384001609 -0.0328815704330338 -0.000873916920311994 0.0235815237658564 -0.00156780155078873 0.999720305887799
0  -0.246689033414857  0.0203437413517252 -0.0316994595391725 0.00163353104436275 0.0267856865516883 0.00434234274437108 0.999630433026012
0  -0.269126248872551  0.0207485053342579 -0.0324959457870082 0.000776989855332434 0.0337473819320423 0.0065987692148884 0.999408308322653
0  -0.288489633065302  0.0221084144672184 -0.0418531333324459 0.000466790819936411 0.0408956805938744 0.00468582074225229 0.999152324973057
0  -0.307273973399116  0.0229874615440196 -0.0513004258218559 0.00491158898851801 0.0392271520298453 0.00279431551790267 0.999214340688734
0  -0.330631994427371   0.022003432386129 -0.0610486972993909 0.00320841473164672 0.0311315845750886 0.00385249550259698 0.999502720754254
0  -0.348024513448585  0.0222288234707993 -0.0706851557388093 -0.00175681204187748 0.026836590652822 0.00055309725899522 0.999638137076114
0 -0.370810060291194 0.0212591912244229 -0.076947612572436 -0.00220126574927432 0.0230668219036045 -0.00588634689143694 0.999714172689696
0  -0.391533650095022  0.0168858309866418 -0.0689400626214929 -0.00125832722941912 0.0245925954812867 0.000268327819514666 0.999696728443311
0 -0.411017933144616 0.0167593750272331 -0.067334321952047 -0.000997940142651511 0.0265127466780818 0.00216529132838769 0.999645632157976
0  -0.431162569185386  0.0157027027357779 -0.0639986390012841 -0.00102536130059611 0.0249307688253587 -0.00232135357631062 0.999685959047917
0  -0.450257217418241  0.0148446245722972 -0.0639685005063385 -0.00369753180217918 0.0237841025511515 -0.00205874411622313 0.999708160563408
0  -0.470526351255473   0.013887280599441 -0.0686489403032444 -0.00549637232977615 0.0244460430002532 -0.000365176448509627 0.99968597445348
0  -0.491692627677858  0.0167929137433328 -0.0726227037068053 -0.00395965694364409 0.0281973741058995 -0.00344340907581957 0.999588601447794
0  -0.495328566890699  0.0175377093318304 -0.0652087971726479 -0.010366776259717 0.0069398331359881 -0.0127200508992327 0.999841271888267
0  -0.521215852512715  0.0152068187324435 -0.0569673972904964 -0.0103806098486006 0.00550414486758987 -0.00995834857497781 0.999881382275971
0  -0.543457386213483  0.0129255767223856 -0.0531285498436718 -0.0113234799346961 0.00551111234825972 -0.00697682986357908 0.999896359773306
0 -0.565373421210202 0.0121540725804169 -0.052381093131595 -0.0115499458406792 0.00823061271896007 -0.00410715885443879 0.99989098756389
0  -0.586197711959304  0.0139701617733961 -0.0527352778898537 -0.0108165803195145 0.0102459775682914 -0.00126936216437608 0.999888198877033
0  -0.605253518897613  0.0142997755871133 -0.0576729285030966 -0.00936942003618658 0.00460106791826291 -0.00641782526181828 0.999924925012426
0  -0.624149177155098  0.0131730149120807 -0.0580778343236987 -0.0160253883690083 -0.00146074921118786 -0.0129671041241155 0.999786430869113
0  -0.645381358836845   0.017879268796675 -0.0582116820711286 -0.0207322745029128 0.00227437778031532 -0.0142216331685896 0.999681321796935
0 -0.658873002956005 0.0305002451129801 -0.070201958627747 -0.03228762394149 0.00591305238340458 -0.00999833575968777 0.999411115824594
0   -0.66239538879866  0.0382453689823079 -0.0763652992686173 -0.0574314588288174 0.00382744498554482 -0.00569747682341782 0.998325857102541
0  -0.659909530988156  0.0419561585442832 -0.0747903280745768 -0.0860709030588859 0.00057501541472976 -0.00426251565662953 0.996279729776822
0  -0.65875904821987 0.0432632554019569 -0.070920411931137 -0.116245137730466 0.000991432676983577 -0.000615454614447979 0.993219868020616
0  -0.657425646697718  0.0508960388291185 -0.0713385635466285 -0.138441026230604 0.0191021823273894 -0.00326942778373837 0.990181043914958
0  -0.656504911051347  0.0558598421584477 -0.0630155099518637 -0.165509688756924 0.039785359180326 -0.00282462280134044 0.985401283553309
0  -0.650464883153998  0.0695259669897785 -0.0653071750816649 -0.166601771330927 0.0182594789287346 0.00947161849975534 0.985809682272214
0  -0.648638429995066  0.0965705935979701 -0.0651109693883635 -0.174158619598384 0.00588138631259823 0.0122355421807456 0.984624027749765
0  -0.634156993528523    0.13383974464137 -0.0512209126430779 -0.174078800254898 0.00265058616338553 0.0120642370862228 0.984654253978691
0   -0.62910909478342   0.143381957004751 -0.0416408376097058 -0.179022308149033 -0.000685631721306717 0.00110785008532237 0.983844152171635
0  -0.599359638058086   0.148906334217651 -0.0451017799858338 -0.179807175369031 0.00202768430601782 0.00311123809992712 0.983694865484034
0  -0.571316687433998   0.152745524978993 -0.0256036167078117 -0.189851878446463 0.0103009490671841 0.0153424991135573 0.981638814646006
0  -0.547660510743776   0.149186877708659 -0.0261689536036572 -0.193395046309238 0.00575433508949089 0.0163616878870339 0.980967654339435
0  -0.517355485327147   0.151717624774281 -0.0265827377260376 -0.193100035038391 -0.00132560629806495 0.0161599503066167 0.981045093378588
0  -0.493357244337072   0.150840550013887 -0.0274953530638576 -0.195863351972193 -0.00222393066515297 0.013409286970345 0.980536991912881
0  -0.465754700899729   0.151592005652833 -0.0129962036522505 -0.200913439990515 0.000576857522140959 0.0168840048503375 0.979463315927039
0 -0.468690347469995  0.160255268523515 0.0319204556640358 -0.208022479786338 0.0196544707687419 0.0279286267091319 0.977527667891035
0 -0.472977702477324  0.163896251287914 0.0635421966690685 -0.214704323846343 0.0339992537817861 0.0277031107909312 0.975693928297431
0 -0.474842208044837  0.181619324512879  0.105981270533802 -0.228448933191561 0.0271849567609151 0.0077759688185488 0.973145208773325
0 -0.458300030027143  0.182897589413607  0.126578446115769 -0.23576590371424 0.0218225756897022 0.00517919873755054 0.971551022713945
0 -0.438910277959313  0.180923960630822  0.148045248333447 -0.244977239841499 0.0216612097059161 0.00534517000530785 0.969272084149405
0 -0.429976840119361  0.180739764172791  0.166748720679162 -0.25219354011877 0.0199334288991472 0.0044348011880468 0.967461321848635
0 -0.415418374074568  0.179617517392617  0.179331758732379 -0.259213904355595 0.020071777677707 0.00854697919444624 0.965573521113869
0 -0.396260097748383  0.179048410866676  0.196068525112675 -0.262440927457537 0.0225733840675849 0.0135728848931701 0.964588502275785
0 -0.386234861940813   0.18015634335912  0.212799324138409 -0.262423328733708 0.0274878641664148 0.0101814672597579 0.964507517640131
0 -0.369092108582481  0.178840224930484  0.222287668238844 -0.266285705854906 0.0315756174158746 0.0104400368455668 0.963320252498007
0 -0.353298182419886  0.176016266458999   0.22809258162915 -0.271806014745559 0.0368927255463171 0.0160383992207086 0.961510887562038
0 -0.338091623026435   0.17352180147832  0.229732508416892 -0.276979038570297 0.0323950061108133 0.0160687123777097 0.960195278187868
0 -0.320927614305306   0.17172426898816   0.22820043294253 -0.276003786944026 0.0266501209028475 0.0123337340660922 0.960707843026384
0 -0.304879075603116   0.17007444190816  0.225857115377209 -0.274150003822997 0.0242013876796662 0.0142457209245276 0.961276821562639
0 -0.289590011473967  0.169078713288873  0.222619181977506 -0.272577540847209 0.0215463529725981 0.0149382180566402 0.961776527339153
0 -0.274071000401267  0.168342194403837  0.216864340306364 -0.271335778409659 0.0176291938405864 0.0124443337678351 0.962242820413034
0 -0.259248125925887  0.168812117546733  0.210107840256705 -0.271413457189318 0.0137301636569609 0.0107859522137331 0.962304463824905
0 -0.243812101036311  0.168398473270706  0.205129719272835 -0.271368200238685 0.00690422694417866 0.00824438766223425 0.962415534798558
0 -0.259238341110563   0.16466620874538  0.207503402646015 -0.272595399948417 0.00556757611747342 0.00782062453896257 0.962080863469885
0 -0.27435481917593 0.162554297707358 0.210755929418185 -0.272910819552242 0.00970468876000348 0.00861014465766535 0.961951853782906
0 -0.290804141946858  0.162583561037812  0.216460358224626 -0.273625329114642 0.0128659704499161 0.00942343482217241 0.961704135868947
0 -0.306713938459651  0.161691736943253  0.223659460156347 -0.274517535425167 0.0168848174219402 0.011578483974081 0.961364116447864
0 -0.321951804607761  0.161614475916687   0.23080804980065 -0.275135139606709 0.0215698682464835 0.0133890517877067 0.961070303895429
0 -0.337955698040957  0.161368601257068  0.236497301906295 -0.275377312286202 0.0272996062739695 0.0135484126019652 0.96085301055431
0 -0.351386403356941  0.159653137911649  0.234464172133565 -0.272011418897368 0.0309967189211421 0.00999177453809654 0.961742770103911
0 -0.358007282909167  0.154564475095791  0.209972751739875 -0.264472230622194 0.0266706146774884 0.0106297823939024 0.963965832002724
0 -0.364601976080801  0.153725132210079  0.187240497117399 -0.260652588005339 0.0221320751564944 0.015380154294916 0.965056397558843
0 -0.37805948740427 0.149159846312632 0.168029762221937 -0.253185458707406 0.0244337155826911 0.0257025300827196 0.966767550649737
0 -0.393317197493126  0.144900765377115  0.163934542778246 -0.248679444053982 0.0340677866695045 0.0314820991657807 0.967474442788315
0 -0.411474802834464  0.140964296381032  0.160068179809729 -0.245098278622267 0.0436144139981394 0.032749702830564 0.967962847258359
0 -0.430138311246642  0.137800869021991  0.154680018799425 -0.242795678679959 0.050905876662593 0.028788799342696 0.968312994422752
0 -0.448670097984382  0.138417351280839  0.145631288137335 -0.242107580660417 0.05328155189206 0.0182040693653209 0.968614271768321
0 -0.463605037448314  0.132780871274544  0.125114813075219 -0.239848427414729 0.0461362243222172 0.00573972847398649 0.969696466008316
0 -0.478104511705033  0.129581187785979  0.101456770729697 -0.229238597168456 0.0456983255493307 -0.00233873431337481 0.972294121617547
0 -0.494765626039081  0.123903009033982 0.0943790448692845 -0.222188725371438 0.0552470426867271 -0.00163776468971583 0.973435797738612
0 -0.513954539036851  0.121740902749388  0.093753191551727 -0.217540762913718 0.0589565269701548 0.00257709162721907 0.9742656224035
0 -0.535961190879359  0.117341399826121 0.0901896508432685 -0.214935752260003 0.060725697539363 0.00701388810006125 0.974713197526587
0 -0.556901010188992  0.112715294183308 0.0842723544241693 -0.213838068942202 0.0618760751746089 0.0117667330753534 0.974836486588797
0 -0.577711832002374  0.112647212670534 0.0739016801293506 -0.214216405072681 0.0647755351166098 0.0137427873019035 0.974539171939881
0 -0.597312851686102  0.111239064492703 0.0532788145432247 -0.21694704311588 0.0613928980720157 0.00410762245665714 0.974242279921863
0 -0.613298449326934  0.100952636041936 0.0295789629977663 -0.214071822552021 0.0443016563777228 -0.00450820272647324 0.97580238477861
0 -0.632517122950274 0.0982455143958912 0.0261634232115022 -0.213471924764656 0.0367662679169452 -0.00141216056649689 0.976256106092693
0  -0.65394839173136 0.0977978122759259 0.0250283428429189 -0.214057532843903 0.0326589554672228 0.00188561848789299 0.976273122493644
0 -0.676337674964419 0.0968804446925194  0.022335998512302 -0.21417838497153 0.0314843594653662 0.00478815812171149 0.976275282930918
0 -0.696937462508519 0.0987724109678831 0.0207779357610741 -0.214278309037083 0.034013198591039 0.00644996599938015 0.976158955568416
0 -0.716763645435549 0.0992015115688449  0.019907475787437 -0.213253259224127 0.0396455992350747 0.00357172102541237 0.976185697856968
0  -0.729786484599568    0.09455203178938 0.00452073061196976 -0.215406184619685 0.0263751111336381 -0.00529159078956527 0.976153946981312
0  -0.753873922316385  0.0919768737771145 0.00576704457200188 -0.209945989521556 0.0231915644364824 -0.000877347043081412 0.977437498301027
0  -0.772577576445762  0.0931497906353008 0.00588917735200136 -0.203895548213386 0.0205010702035708 0.00282970161767455 0.978773878037224
0   -0.79669968184091  0.0924186454562181 0.00431557003001308 -0.197351371210343 0.0234394572733636 0.00566221761941403 0.980036207196325
0   -0.818278457198676   0.0893453406898991 -0.00367577060480835 -0.185758926274248 0.029102001903359 0.00817717319931157 0.982130250340108
0  -0.833906115100371  0.0808728344278175 -0.0315291944038356 -0.173847111562339 0.0163528280265607 0.00591349858437827 0.984619112830671
0  -0.858148545402835  0.0795642860853691 -0.0355671500604753 -0.163965021562828 0.0181647317103508 -0.000257240643754056 0.986298863455212
0  -0.878687395361278  0.0784449261474919 -0.0480274915730162 -0.167011207747013 0.0139845350080462 0.0036306353524678 0.985849130320877
0  -0.896944772331812  0.0754166856416755 -0.0538377556917124 -0.171151387657307 0.0139349668859038 0.00751204276193767 0.985117550556486
0 -0.908384897499808 0.0714628541053961  -0.06163335021587 -0.170993607912289 0.021425588488423 0.01072837067989 0.98498072685389
0  -0.924882165063839  0.0662814650483175 -0.0767875584524922 -0.16332184422964 0.0403718827352559 0.0116226389405912 0.985677939565402
0  -0.940507493473777  0.0641944525744893 -0.0731199704488524 -0.15044038528281 0.031893771487724 0.00673788287013264 0.988081514223739
0 -0.971224805899459 0.0611513734971627 -0.072489827983992 -0.151771269032807 0.0285079576044479 0.00695826261129029 0.987979939488058
0  -0.997389286320327   0.061153290772185 -0.0756325271313491 -0.1526779087865 0.0244035126102942 0.00762102232693674 0.987945264050369
0  -1.02059336918362 0.0636400751306583 -0.077991796077593 -0.154143275626783 0.0194819609073362 0.00931682134312093 0.987812482517968
0   -1.04241284208392  0.0627984727234014 -0.0806558726047051 -0.160505173530756 0.00396879852652445 0.00242276914300348 0.987024046362498
0   -1.05336434443824  0.0582953723310601 -0.0737075177931951 -0.162105601614364 -0.0182407115488484 0.00641188501018507 0.986583974174552
0   -1.08358618050558  0.0551214199817911 -0.0728557987183354 -0.162553060094685 -0.0197368582202946 0.0108992609664029 0.986442175290489
0   -1.11450908942611  0.0542981528162721 -0.0737759365507756 -0.16330432213693 -0.0185083733635222 0.0147904484288468 0.986291225309294
0   -1.14325246560562  0.0539789964347849 -0.0740616824769035 -0.165287509418268 -0.017651702508173 0.0176926112060505 0.985928713517149
0  -1.16089947173219 0.0459158160947804  -0.10058670176233 -0.151147341116533 -0.0276664679943757 0.00708171737813854 0.988098627213445
0  -1.17647999174675 0.0406107663793441 -0.104521233970891 -0.1301516364312 -0.0321098158093337 0.00761990885562492 0.990944725124466
0   -1.1785595314615 0.0303180443902662 -0.105449052227682 -0.103107197308259 -0.0360587326046084 0.00859158734786369 0.993979304760934
0  -1.17793597616057 0.0174493808500059 -0.106444459162262 -0.0750273740963113 -0.0418263167694321 0.00731191635625428 0.996277063994206
0   -1.17797023427217 0.00753366414631011  -0.104882430715765 -0.0485523928528911 -0.0488205075273632 0.0066717235047953 0.997604486406564
0   -1.18214897986905 0.00624688688501231 -0.0992292760930668 -0.0308762734769488 -0.0533791891077337 0.0097760066226248 0.998048970542474
0   -1.19076493274389  0.0160332891972629 -0.0937680051203127 -0.0573235665898909 -0.0526620108091385 0.00738734774252585 0.99693838747652
0    -1.2009072835722  0.0238826188183778 -0.0834887100487983 -0.0843903273310685 -0.0429703403460507 0.00989772974586884 0.995456607517062
0   -1.21150995236121  0.0303463797450289 -0.0565995770044245 -0.107631092621911 -0.0407448598884733 0.0109514379899969 0.993295258369652
0   -1.22635243402566  0.0357558677817877 -0.0230893121937813 -0.129956725651977 -0.0508924837890831 0.0149916288437977 0.990099215036657
0  -1.24076913767483 0.0424133134574606 0.0103787197432407 -0.135023445656524 -0.0527201444632649 0.015495972297142 0.989317507341995
0  -1.25439729903762 0.0508001386244262 0.0451873929745079 -0.138216531454435 -0.0434995266961575 0.0164221799825935 0.989310008851894
0  -1.27181062200326 0.0650906907960064 0.0932470734873389 -0.140612132498388 -0.0365709360685405 0.0199587351057745 0.989187769699112
0  -1.30445798565781 0.0773817075686647  0.144896017129634 -0.146933099075448 -0.0325678705019641 0.0250258142953626 0.988293330355875
0  -1.33263506792099 0.0906595813566158  0.194999322276344 -0.157677003956011 -0.034162102852282 0.0207022588971525 0.986682486734573
0 -1.34612015244284 0.088358760307604 0.242839862283566 -0.156322488979932 -0.0301115513439717 0.0187289875098808 0.987069297942973
0 -1.37800495096011 0.100262640264219 0.295657873551087 -0.154037266075982 -0.0227605562387373 0.00885917366262038 0.987763125846251
0 -1.39214668924277 0.101702018101588 0.331522242594893 -0.163272780596525 -0.0147155085192037 0.00460264351470847 0.98646047492942
0  -1.41446055014321 0.0979519358763688  0.349514111594488 -0.169858450852775 -0.00297920752784721 0.00734824832534154 0.985436570380332
0  -1.43478744171416 0.0926365065873237  0.363113789686793 -0.175286614592802 0.0100600749600997 0.01259615024997 0.984385460394084
0   -1.4556868369082 0.0885045981496252  0.376251844689404 -0.178862358009955 0.0215735073761098 0.0179541294839527 0.983473685413639
0  -1.47356826711898 0.0885972819330504  0.384061611411556 -0.178641893674493 0.0267236473440002 0.0209286361151462 0.983328486665257
0   -1.5054163278016 0.0820521193701168  0.387615701449145 -0.179672590911958 0.0284853948579736 0.0209470216508557 0.983090822171954
0  -1.52998764237719 0.0781419189088769  0.396110134525889 -0.17919922937684 0.0248260417101194 0.0212843025912435 0.983269181001296
0  -1.55342153546963 0.0788338465345918  0.413742263278535 -0.17571467143614 0.020769413158606 0.0239583864174111 0.983930374284385
0  -1.57577285890841 0.0846723772706238  0.423943947167466 -0.168363108740016 0.0196857979426839 0.0262723622370352 0.985178205177745
0  -1.60391060704962 0.0796212928459883  0.446870867717694 -0.165612077431918 0.0194138625955515 0.0248446653946617 0.98568680844842
0  -1.62822151561762 0.0791641561164586  0.463429132196932 -0.162490384249694 0.0258699961017166 0.0182362919058613 0.986202340286013
0  -1.64830239263551 0.0800954443461043   0.47792389614373 -0.162449182262583 0.0418319432681947 0.0164913281635603 0.985691832065188
0  -1.66940462908731 0.0828020572821584  0.490950795427296 -0.161254944512378 0.0593030467672658 0.0211375945294226 0.984902631538742
0  -1.68997013564132 0.0842799229313929  0.504803193986257 -0.159357695155569 0.0752753444154613 0.0271360504050454 0.983972754849571
0 -1.71056230252957 0.082677768487619 0.518875065269395 -0.156953425710475 0.0893662596707664 0.0329366514723843 0.983002782691885
0  -1.73078108146639 0.0816654227456415  0.529506264481677 -0.153768068217377 0.099776960332631 0.0362266581263766 0.98238870546463
0  -1.75217452952134 0.0754101604410997  0.539386598688244 -0.151897831459633 0.107798586154605 0.0357211946150117 0.9818505537383
0  -1.77650475054546 0.0782138977972067  0.544410911248431 -0.141110560485399 0.10494025223839 0.0306353315590436 0.983939444091915
0  -1.79448868355202 0.0832026172330433  0.548014189806952 -0.120791493133416 0.097133941108536 0.0224496764065695 0.987659062987104
0 -1.80286546221239 0.076398518747817 0.559244235850758 -0.0957681002123394 0.0903186219296156 0.0182163269311547 0.991130255288169
0  -1.79486898827846 0.0711927745339066  0.591673762178817 -0.0766630403298222 0.0818126269002038 0.0193723585546543 0.993506006046821
0  -1.78839409765601 0.0631604895753424  0.628844311538543 -0.0702507024509328 0.0779509093802163 0.0253132116412697 0.994156796410079
0   -1.8020983154692 0.0637372993958626  0.682012197714874 -0.0814295111395238 0.0770936434897823 0.0245938110123157 0.993388619478268
0  -1.82252532609656 0.0606766470806079  0.724620728392501 -0.0775224427062958 0.0844856128724906 0.0281208028322626 0.993006380917302
0 -1.83316129852755 0.057443994892735 0.757273868767571 -0.0730607689285655 0.0966478213432177 0.0310482179259971 0.992147837187985
0   -1.8439710653997 0.0550818728877656  0.772068166654917 -0.0679856847801754 0.107215366748832 0.0318863735315504 0.991396021265413
0   -1.8583574121734 0.0518260894596671  0.787342157820207 -0.0601956686466704 0.117033284913365 0.0328826530165769 0.990756490177662
0  -1.85474676854092 0.0403488492077686  0.804189986018673 -0.0478033570272271 0.121518468224517 0.0309827244727938 0.990953163233025
0  -1.85137461790646 0.0297632700390048  0.815224507443304 -0.035438422154124 0.113963610561484 0.0272095249176983 0.992479750653266
0  -1.83775499802063 0.0170040529064952  0.826736008275315 -0.0229273603627015 0.100712603590282 0.0229615645532328 0.994386280163867
0   -1.83386919025652 0.00458977458692012    0.82632362506784 -0.00833239021036761 0.0966778702913901 0.0228026998529717 0.995019596565173
0  -1.83502391408937 0.0223292442530648  0.824826077607897 -0.00213431463519461 0.0965028576119694 0.0233377899880653 0.995056777642479
0  -1.83561102545823 0.0168397303288007   0.82620354501942 0.0269459011551641 0.0979877266041108 0.0204129581149526 0.994613309274962
0   -1.83546030973622 0.00320155625455035   0.831538546667149 0.0425041494885935 0.0972353584599613 0.0190763438858462 0.994170395578828
0    -1.83266019318968 -0.00990797748449753    0.828657988428996 0.0570577955803253 0.0965114936752429 0.0172987734868618 0.99354450931397
0   -1.83398165354908 -0.0217291884117215   0.826393370875569 0.0763159235219078 0.100226699452007 0.0108004007779269 0.991974717357752
0   -1.83225305139368 -0.0108043004475467    0.82741143346866 0.060898636679102 0.106925401436177 0.0181346755624358 0.992234573133079
0   -1.83331615611897 0.00166269527658907   0.825347640227345 0.0471776998503532 0.116590154227088 0.017183848312929 0.991910135007851
0  -1.82802212569154 0.0121399015644246  0.824173610848857 0.0386749281539797 0.128894930723425 0.0178298436840863 0.990743379205881
0  -1.80872026203317 0.0194459383915301  0.817535519240797 0.0350151597450448 0.130801355288117 0.0151694018632031 0.990673928843357
0  -1.79316644932432 0.0260127914785347  0.817612932716995 0.0336571693451266 0.128756538242931 0.0142281376931227 0.991002779465908
0  -1.7859147232773 0.032334123219263 0.819663696140075 0.0292952216876185 0.124296165534469 0.0149138763640926 0.991700473687241
0  -1.78501912649719 0.0464246072585877   0.82111337504673 0.0240074951627612 0.109922718281843 0.0176341874245905 0.993493669640333
0 -1.78493142157361 0.062349105959845 0.824119047286285 0.0229372041284106 0.102991046495811 0.0147749763307459 0.994308015195943
0  -1.78506412865941 0.0742232301540381  0.827202957661763 0.00581818330841384 0.106780636958385 0.00800280834272996 0.99423337269093
0  -1.78626408889033 0.0800720742686974  0.830788709599863 -0.0144686546772624 0.111287822010325 0.00871588436105659 0.993644660864151
0  -1.78578291286196 0.0850870532517608  0.833159292004333 -0.037467988971637 0.113869822914394 0.0106112572981257 0.992732196743119
0  -1.78742292321452 0.0847182898688944  0.831347628201036 -0.0572047134203783 0.111589824673705 0.0149807698730624 0.991993401351942
0   -1.7892902620375 0.0889479233605746   0.83242080176927 -0.0829771742527597 0.109375798792308 0.0263146010207312 0.990181430327135
0   -1.783681353172 0.098578331515513 0.844145874528201 -0.107988440930439 0.102006259408777 0.0353774445953897 0.988272055701639
0 -1.77686670773836 0.102601520751515 0.856781992544167 -0.138929064236251 0.0912566144680561 0.0357468036414537 0.98544056718591
0 -1.77355941117254 0.109423143205043 0.864940509636099 -0.157858879515491 0.0836872580475981 0.037282510904178 0.983202436621914
0 -1.77246462724154 0.112979097269873 0.870165635147684 -0.184023496373245 0.0740068026666251 0.039920431652219 0.979318490113574
0 -1.77307641499051 0.119108502990503 0.873202004473746 -0.207263310451112 0.0743099669880054 0.0373585189267436 0.974743191825769
0 -1.77299508402832 0.125162895545713 0.878047784465016 -0.228125822845245 0.0773261393288817 0.0333627769838472 0.969982578317568
0 -1.77362078150122 0.130885599834406 0.879602714246212 -0.246433637758958 0.0823990675714652 0.0281451286331431 0.965240233091464
0 -1.77320528462747 0.134705682291733 0.878924698101521 -0.246783617094351 0.0841662602698518 0.031825005728744 0.964883959850293
0 -1.77183088020224 0.135213467343035 0.880120059097222 -0.266810930325502 0.0750364606502915 0.0509488115951751 0.959471560614986
0 -1.77126819831196 0.135724186148423 0.880735881339818 -0.298499516019214 0.0806983969565454 0.0657814727060337 0.948714185365416
0 -1.77162534459486 0.136190662281426 0.881588522361848 -0.323067442293899 0.085713822031198 0.0658818946241219 0.940180910465225
0  -1.7715496950227   0.1363039510552 0.881707796601586 -0.334829449741101 0.0865457274091657 0.0671298905360256 0.93589136893654
0 -1.77175118646679 0.136840558384601 0.882593145306885 -0.335636978159028 0.0788768857905436 0.0702104526120947 0.936053816895304
0 -1.77227356087905 0.138177574406022 0.884218594651098 -0.333396717553241 0.0739184147641558 0.0705196052680618 0.937235126292392
0 -1.77309524315572  0.13939549118577 0.886087623434037 -0.355904140382852 0.0745921154451936 0.0642214729077549 0.929324411381361
0 -1.77349941381782 0.139255428539735 0.886031552630887 -0.360823460902053 0.0859907826950544 0.0593764434924136 0.926761270938934
0 -1.77418881733395 0.138296832082186 0.885554816065317 -0.359799729311732 0.101525293008577 0.0515420115774369 0.926056256773463
0  -1.7743690596714 0.135770383611252 0.883565585674777 -0.359844694897336 0.121574985883835 0.0400250884185497 0.924191165646305
0 -1.77497997299019 0.134011104578424 0.881875359339698 -0.355991690383582 0.144209716374837 0.0308974496699342 0.922777774810828
0 -1.77487685601766 0.134389467264309   0.8822342861786 -0.354949513143428 0.154887673816006 0.0295614391041332 0.921491602206554
0 -1.77256032427252 0.138046549279312 0.884871706621167 -0.357968850797426 0.169980048115791 0.0264451422815034 0.91775036886456
0 -1.77218615965513 0.137579148516127 0.884431407088399 -0.36251882277194 0.177788017968956 0.0136586779186903 0.91475951174078
0 -1.77187442838851 0.135815312025193  0.88295014580459 -0.363534558353955 0.190047829530606 -0.00513742746697168 0.911974810075433
0 -1.77168784634452 0.133506046660072 0.882059499053404 -0.365874776883244 0.209534768795797 -0.0172783518758148 0.906604812949271
0 -1.77135675578202 0.132998074496538 0.880652439968081 -0.363691865034632 0.235235122810029 -0.026760737323435 0.900930922569588
0 -1.77097444523462 0.131938821224906 0.879889967885448 -0.363753383102728 0.258231324571288 -0.0331007382218882 0.894373747613739
0 -1.77084781670884  0.13049834880959 0.878869655001338 -0.361397615722345 0.275165383008982 -0.0417967695917287 0.889903818058682
0 -1.77097321402837 0.129429494424713 0.878092896410385 -0.359466899449921 0.29661313767137 -0.0498567489482837 0.883356382976267
0 -1.77116749218926 0.128959366709423 0.877913674378026 -0.354943891729034 0.302402861137146 -0.0494463525371268 0.883245380130058
0 -1.77131461859089 0.128380971854059 0.877564632371249 -0.351967715390395 0.310239345859007 -0.0516875836979274 0.881588718902024
0 -1.77138964998493 0.127385765505176 0.876793221683532 -0.347559316226229 0.315675194124708 -0.0600933332595802 0.880874840608152
0 -1.77160097681293 0.125537032587041 0.875620049400024 -0.328870576690674 0.314693467613976 -0.071415301399497 0.88753141913639
0 -1.77196787427224 0.123578652276022 0.875473875620751 -0.31693106504641 0.313736602895597 -0.0745008553746154 0.891949363226708
0 -1.77287440044736 0.120582564682263 0.875833245660181 -0.304484748042788 0.317110752959642 -0.0772344455796796 0.894854540683953
0 -1.77389484750354 0.118032564266934 0.875664056202669 -0.290511407256111 0.319330698190315 -0.0789480569508891 0.898553410627904
0 -1.77572855218315 0.115777304564344 0.875378036806672 -0.280883324382851 0.320395762454821 -0.0816259213940237 0.900992964701284
0 -1.77796564700113 0.116639177718157 0.873124756998416 -0.265703136910001 0.31930408967339 -0.0929153548972835 0.904883129568866
0 -1.78018515712746 0.117779357493249 0.871006372876696 -0.249364394067097 0.316851577367527 -0.100774311593641 0.909542200787895
0 -1.78197370541819 0.119058276725899 0.869131440941729 -0.236873934623778 0.319862230975652 -0.108191080101608 0.91097397464339
0 -1.78343554971445 0.120840515356006 0.867351564524607 -0.224608308117712 0.32442804625938 -0.11684149290252 0.911397616993336
0 -1.78488068755955 0.121622534709507 0.865971354444856 -0.212232388454528 0.329222226091932 -0.125625854993228 0.911475882124799
0 -1.78632802211576 0.122266643859723 0.864854742345983 -0.198318682512595 0.33327743343222 -0.134305757701294 0.911897919714472
0 -1.78783196804847 0.122508728113223 0.863662673658834 -0.182312936662408 0.337127194829331 -0.143960174016228 0.912350106006051
0 -1.78926365755888 0.123248391341662 0.862396472235271 -0.163226172604037 0.340999848866259 -0.154069893153339 0.912873916635778
0 -1.79076839912715 0.123872267052542 0.861163669208041 -0.143043073402255 0.347510847266667 -0.164215795460083 0.9120351214208
0 -1.79198136379112 0.124470664956164 0.860210271836153 -0.127629998412764 0.355610280476966 -0.172805178895874 0.909609961506038
0 -1.79391691511723  0.12567910183647    0.857808772253 -0.117024433136442 0.356986270114659 -0.187851443311297 0.907511939450154
0  -1.7957251659651 0.126273650816976 0.856183556660168 -0.095526375741588 0.353282861184593 -0.193289358077391 0.910332442344518
0 -1.79742701923599  0.12579981259256 0.855255228486423 -0.072111128625224 0.344412351380962 -0.200402375760308 0.914340748919273
0 -1.79899401286815 0.126010510027308 0.854187620751781 -0.0523915477580293 0.337438624747524 -0.212493049687561 0.915552840685068
0 -1.80044806628687 0.123550065864962 0.854270648358219 -0.0404202954588567 0.338384496550881 -0.222216622333034 0.913499811148269
0 -1.80166724959173 0.122666405986467  0.85392670477951 -0.0315755054877709 0.342581383311884 -0.227411333415884 0.911002233090192
0 -1.80273269536393 0.120619545766179 0.854021299594191 -0.0101525925894907 0.345032184838853 -0.232637900142137 0.90924656925748
0 -1.80350361786108 0.119295730484887 0.854222047130507 0.0142039716764586 0.33365348374979 -0.231641562496422 0.913682541419316
0 -1.80448217647454 0.118109484155705 0.854162450958984 0.0309072576766648 0.321812539976273 -0.235254248144617 0.916589804256429
0 -1.80564864008357 0.117244502738628 0.853310271792243 0.0434825746262592 0.314763083691074 -0.244834871092524 0.916018205466608
0 -1.80517654686547 0.116682037458939 0.853139565534496 0.0588303700481007 0.32461595842932 -0.246573548409653 0.911243629507329
0 -1.80314772897436 0.115620129026601 0.853099234343577 0.0656224783438999 0.339974439133537 -0.250671649094754 0.904032519001368
0 -1.80163936770332 0.115110552841974 0.852239550235043 0.0768901361314654 0.348443348646317 -0.248013323512176 0.90064672936189
0 -1.80277368123245 0.116526720140141 0.849797271732934 0.0957643465130433 0.360230453813869 -0.237586106477697 0.897003930922687
0 -1.80077993345355 0.117135435384257 0.850115656384608 0.0858710684877252 0.371682489982286 -0.234590505258553 0.894117207685816
0 -1.79996845122864 0.118066564468185 0.849486238169383 0.0673035732735508 0.368633393752735 -0.228055731149852 0.898649115909351
0  -1.7993404664623  0.12075296734452 0.849675871008613 0.058210248895285 0.369096824230663 -0.226858114929202 0.899396740575124
0 -1.79837174305748 0.122567583721452 0.849565525435867 0.0470452747795681 0.371647065809653 -0.223975362869571 0.899722311284673
0 -1.79733935927171 0.124466544600039 0.849521718060664 0.034165891514116 0.376101525203897 -0.220489857028694 0.899313381165773
0 -1.79635465509504 0.126155631215772 0.849774205664126 0.0207603601744065 0.380951224254848 -0.214562197010551 0.899115251676985
0 -1.79509875854372  0.12785966835497 0.850224386649194 0.00990814379247202 0.384851135352595 -0.208345798745768 0.899101473944623
0 -1.79398154330902 0.129564302123513 0.850560695532735 0.000738564878197673 0.388749792839039 -0.20331026702649 0.898631174849361
0 -1.79337084881704 0.131066162744993 0.850661544950872 -0.0130480795312587 0.396106574030382 -0.193954545372386 0.897391198953862
0 -1.79335071317884 0.132448485083829  0.84970519912054 -0.0241075001046464 0.399376442388709 -0.187184272769844 0.897150675043645
0 -1.79631888838813 0.132951843131583 0.847300641973524 -0.0102684205172508 0.402255979687107 -0.201858219085594 0.892937817394716
0 -1.79807285495144 0.130866673011844 0.846700163758195 -0.00660868846176038 0.397587058512963 -0.200867157808557 0.895283888525722
0 -1.79918266735826  0.12863159651922 0.846806320538011 -0.00362389386036885 0.391572592783097 -0.201835314799162 0.89773062645447
0 -1.80006368111984 0.126567754853258 0.847521376312377 0.00170327865797585 0.386105228061564 -0.204837183239365 0.899422915022685
0 -1.80099982806269  0.12471914149227 0.848123723273898 0.0108551236455522 0.38025784349796 -0.208448051730361 0.901019172092768
0 -1.80161699344644 0.123214418272937 0.848756968525874 0.0242850903517886 0.372201301610481 -0.213155078499433 0.903017905678492
0 -1.80250692998156  0.12224713109648 0.849244940477383 0.037773422583986 0.364540434852436 -0.219632935659588 0.904126547269485
0 -1.80352414829138 0.121601021383444 0.850034150165675 0.0508492245313971 0.355476924315089 -0.227823467923135 0.905067389815541
0 -1.80423123767661 0.121220877124377 0.851229625483031 0.0515647024756547 0.344130942538442 -0.236213238218262 0.907258663191839
0  -1.8052424799295 0.121734013508187 0.852097193771284 0.0465434458572222 0.33436521759627 -0.243903077681584 0.909145146611357
0 -1.80549449683497 0.121481545283169 0.853403921924196 0.0462408444847707 0.322523095516638 -0.244897403234631 0.913162580841241
0 -1.80566570608232 0.121216604807372 0.855315490142317 0.0433858590784287 0.304936119838176 -0.24231288357652 0.920008748057809
0 -1.80570331450429 0.121034021242038 0.856156289477203 0.0415651753900018 0.296709929585444 -0.241213356593318 0.923066449656353
0 -1.80580043541868 0.120972482700595 0.857291704000794 0.0392416375621708 0.286626982833485 -0.241369043322191 0.926307752055947
0 -1.80567903202798  0.12087198440742 0.857815944083776 0.0367943243636772 0.276621238695229 -0.24423125309229 0.928696916658125
0 -1.80536879764911 0.120402372796626 0.857772246591937 0.0312986310345564 0.267950985741562 -0.247234818041175 0.930643653437574
0  -1.8085835293789 0.122835448125412 0.857788418829264 0.0289495794428555 0.26454617697606 -0.246774438949283 0.931815227595417
0 -1.81238128420544 0.125111574845832 0.855999537285776 0.0306822587532552 0.263030785707841 -0.250600983887872 0.931167305934946
0 -1.81679462694263 0.127064210887177 0.854191393063911 0.0334103829523159 0.2560871514776 -0.257847517611323 0.931030490811524
0 -1.82020171388825 0.129460177220384 0.851036211031528 0.0111006366276282 0.249276351614531 -0.258792676075764 0.933147591328272
0 -1.82232888562213 0.125231678600839  0.85208176384994 0.00508689719940147 0.244427185889921 -0.263890657609906 0.93305476532786
0 -1.82601527536841 0.132090816066371  0.85129980127121 0.00921839295734865 0.22924864884285 -0.261738573623775 0.937471598136393
0 -1.82875482611057 0.132811928343437 0.850407994449835 0.008016485170998 0.211423384044242 -0.260870521164349 0.941903636171039
0 -1.83130184957836 0.134571770004859 0.848475984562081 0.00831621131088498 0.190339086383394 -0.266725738785292 0.944753540926737
0  -1.8308050346458 0.134846056787678  0.84979543646071 -0.00605602808593952 0.17038355920412 -0.272400850646845 0.946958575568981
0  -1.8302350013264 0.137705294217179 0.851273616001141 -0.0233433136237312 0.165582079764743 -0.272370042843955 0.947550644731472
0 -1.83064901881968 0.137580460913512 0.851681948702314 -0.0290168455176128 0.16386554384177 -0.271934853872311 0.947817251091735
0 -1.82779191035101  0.13891456026846 0.851826972184527 -0.0381814050150904 0.161839964907303 -0.272463956401036 0.947688450141802
0 -1.83055405570419 0.137462523833832 0.852266409519189 -0.0454762565128508 0.15237806366845 -0.271803207674163 0.94912372855401
0 -1.83198444948508 0.134411335584671 0.851186002571293 -0.03023706578155 0.147079073867506 -0.27506205762826 0.949628522284639
0 -1.83294567694178 0.134250394538923 0.849995994250187 -0.021703128188015 0.131035648723211 -0.273442567432208 0.952674023633805
0 -1.83381994736416 0.133183896311267 0.849783602771624 -0.0241053463678262 0.123166996738879 -0.27258516972752 0.953910975110063
0  -1.8368718790722 0.134306220129581 0.845800053002029 -0.0253275005391556 0.101149763360045 -0.278334930647409 0.954807262996123
0 -1.83743192764358 0.134888886371714 0.843098781809972 -0.0400900838725194 0.0920723275003328 -0.275783601802565 0.955959662674409
0 -1.83990294911538 0.131261397171395 0.843978314362259 -0.057272443790469 0.0903106340427008 -0.276161086014238 0.955143398203908
0 -1.83712551041824 0.139081445561765 0.844661166339333 -0.0649314122171733 0.0833450709485382 -0.277354464396692 0.954940842112898
0 -1.83540496795944  0.14199265010033  0.84442009316002 -0.0732540312917962 0.0880621380968724 -0.281617577530172 0.952664918404864
0 -1.83326687870265 0.143376388373003 0.844185955215889 -0.0741573488165154 0.0948951973757806 -0.285003484206282 0.950930388157723
0 -1.83110623604185 0.147542278836555  0.84398702957452 -0.0802358757975027 0.094423084186608 -0.279243228532569 0.952192052438164
0 -1.82944339450889 0.149820821169133 0.843990347783124 -0.0881523627362994 0.0920116777582241 -0.275854925794394 0.952715630193551
0 -1.82824150153939 0.151240065626595 0.844324360065737 -0.0915753420130896 0.0905858062764531 -0.275618443636536 0.952597838525684
0 -1.82682625161338 0.153491963369535  0.84424744834325 -0.0991465421159412 0.0906014934833492 -0.277310063187591 0.951346656808092
0 -1.82527667837688 0.155576794247383 0.845242636622671 -0.10210201112447 0.0928242516757885 -0.278229544824924 0.950550976019531
0 -1.82370659126325 0.157606017559664 0.845402671581536 -0.108007787052055 0.0959018430694774 -0.28006679350163 0.949052024711876
0  -1.8228803491195 0.158942436931245 0.845229874046493 -0.108801893268364 0.0982375132272136 -0.280875136452305 0.948483366611693
0 -1.82156841492257 0.161453474871223  0.84407376917867 -0.10438805029983 0.0998031522301437 -0.28010450306076 0.949043694001815
0 -1.82128981688229 0.161863134600204 0.843717498707177 -0.0999992885615717 0.097619582825777 -0.276540989718769 0.95078685326495
0 -1.82493229991783  0.15657895208168  0.84348896727147 -0.0969883011346365 0.0940186834027496 -0.275503103371817 0.951762468605864
0 -1.82649581414132 0.154179280226634 0.844769064392891 -0.0959202135672129 0.0940959195946615 -0.277337995501022 0.951330072475547
0 -1.82773971047981 0.152244046942379 0.846235636130821 -0.0952468677593788 0.0945806585058533 -0.280043154448687 0.950556870926225
0 -1.82934246857237 0.150780320533409 0.847134702209652 -0.0959937159921568 0.0953549653074229 -0.284195549794028 0.949170968033951
0 -1.83106719799408 0.149888195793839 0.848527016587085 -0.0969317637400749 0.0948776556242802 -0.287846533670836 0.948022592924432
0 -1.83357672370663 0.148868717231302 0.850548298842628 -0.0990808463905379 0.0940437832182425 -0.292504701665863 0.946456418552856
0 -1.83585849156187 0.149011546760092 0.853343122661825 -0.103832622199525 0.0930437124440021 -0.296674319953833 0.944746527922564
0 -1.83800584460094 0.150418143271796 0.856344616641995 -0.108315068809516 0.0927236819700952 -0.298101537796592 0.943825003819037
0 -1.84111911441988  0.15413475548521 0.869951518804427 -0.111774183364895 0.0961322794136789 -0.283317921519304 0.947626546765034
0 -1.84371255384213 0.156999291880581 0.879458036398889 -0.10718201850781 0.0954392745775766 -0.278342001321398 0.949699473558397
0 -1.84500887551185  0.15820669956176  0.88248550215011 -0.103341738042954 0.0963173300402393 -0.276228273358152 0.95065314290216
0 -1.84617637849469 0.159521168816255 0.885148382850008 -0.0998866019592833 0.09701604114051 -0.274905511581292 0.951334596350138
0 -1.84714779017055 0.160477480914851 0.887291871522036 -0.0967047663536651 0.0977164658579747 -0.274270227195201 0.951774932922171
0 -1.84806317918777 0.161268314226563 0.889274805927716 -0.0928649527954876 0.0992417837578429 -0.274356519187611 0.951974615879075
0 -1.84876299381985 0.162075783927224 0.891000343424055 -0.0878775024250787 0.101562332232611 -0.274707545468425 0.952102096259491
0 -1.84825479596926  0.16159085364128 0.894098299288884 -0.0969529661518251 0.0849536956516913 -0.272076452029847 0.953602326025023
0 -1.84772398974678 0.161325792941614 0.896819048796835 -0.102364433145491 0.0751425785212444 -0.269133904789623 0.954694745461957
0 -1.84879921571005 0.161406195410814 0.893079255360531 -0.0742800374004166 0.111755966426771 -0.27077707228379 0.953243335742364
0  -1.8494289682284  0.16165536831124 0.890873475224152 -0.0530926442704819 0.121967985671549 -0.271817138652322 0.953110919426725
0 -1.84990737616931 0.161818968095503 0.889091787288577 -0.0435783608291685 0.136434198941616 -0.272566060494984 0.951417037104574
0  -1.8503356022082 0.162406823781815 0.886836070282644 -0.036622806942191 0.15442131594493 -0.274602522170321 0.948370329571317
0 -1.85067148824668 0.163199902283049 0.885027271320693 -0.0419043565262787 0.160031499034576 -0.276869042057415 0.946560868497676
0 -1.85087692317093 0.163876702711768 0.883561508265938 -0.0589889946621333 0.148538849264484 -0.278322478858446 0.947097200148973
0 -1.85081443356264 0.164365961616293 0.883192373603131 -0.0759888677183427 0.125826703900962 -0.278894340240746 0.949005415975053
0 -1.85087643712437 0.164660439669344 0.883649207622281 -0.0857318759781444 0.0969146169861687 -0.27829115334734 0.951741370554154
0 -1.85083278854546 0.164690204170563 0.884730877249074 -0.0849353432360712 0.0652447864682094 -0.277682511567922 0.954683993831163
0 -1.85075583099887 0.164640122792672 0.885761613438379 -0.0798588803587457 0.0485937407616815 -0.276234386459562 0.956533204506745
0 -1.85058832529759 0.164482248672683 0.887330748899884 -0.0623242299820516 0.033646789188724 -0.273875801049157 0.959153600594877
0 -1.85030695268333 0.164237023388422 0.888310977427093 -0.0464441171529839 0.0393293830332678 -0.273146557879008 0.960045364308871
0 -1.84989935836503 0.163920497895917 0.889392938059083 -0.0418080595979825 0.0569433568414008 -0.274189116821761 0.959077613376929
0 -1.84937544967909 0.163674068984061 0.889980487673679 -0.0479676948308834 0.0810994171957352 -0.27714546543126 0.956196828991821
0 -1.84924697331898 0.163596439252078 0.889363761820703 -0.0569959307241912 0.11192482613737 -0.282377183074028 0.951045437218527
