0  1.38695748841637e-05 -1.30138145952316e-05 -8.17451405164943e-05 5.29694814908551e-05 -1.63009966353624e-05 2.36928885596473e-05 0.999999998183579
0  -0.0161240707793753 -0.00838588552398402 -0.00920238286260122 0.0141611032412195 -0.00061440024952584 0.000127043328394357 0.99989952971652
0  -0.027448898937997  -0.026212075688218 -0.0163814114435229 0.0375061235725706 0.00356972248828889 -0.00234112226159638 0.999287279475963
0 -0.0276093078302882 -0.0426525616477408  -0.026140703200345 0.0529631242587757 0.00202860395821095 -0.00284594617039811 0.998590352860033
0 -0.0299507866551096 -0.0554310423031881 -0.0334644034984261 0.0666993304912903 -0.00279137413389814 -0.00549684378066486 0.997754074033732
0 -0.0284981279465545 -0.0767724714217783 -0.0422813292882926 0.0832284742114369 -0.0103325604615708 -0.00444330866015562 0.996467017157565
0 -0.0223614936180063  -0.095118929009269 -0.0472175241412003 0.0933403340206921 -0.0166717760856027 -0.0126161120101327 0.995414721432632
0 -0.0178316190044044  -0.110382804224806 -0.0492800874524517 0.105549499891446 -0.019107308848719 -0.010253526887401 0.994177589270446
0 -0.0143559140773806  -0.130054080970446 -0.0530284212059324 0.126287658314281 -0.0174585208158229 -0.00182373385318092 0.991838344390482
0 -0.0251707034468058  -0.155841211762516 -0.0476416711026994 0.140074999134076 -0.00609429591474883 0.00423783507367453 0.990113071789672
0 -0.0250492502654888  -0.182810772739534 -0.0517187275254221 0.154680399885228 0.00341876995897521 0.00778546498914531 0.987927969255966
0 -0.0287237779544967  -0.206462984277068 -0.0513725350979235 0.166452706423193 0.0108826999960503 0.0121710777380577 0.985914260081415
0  -0.030328153219827  -0.228907014520874 -0.0741287728883227 0.187148368301389 0.0139236119382119 0.0145514190360731 0.982125184218773
0 -0.0266372936907627  -0.257183558737276  -0.108335471609116 0.205880587286758 0.0126065630742115 0.0239529639023408 0.978202695695636
0 -0.0312443141600317  -0.273529625591461  -0.145290216286122 0.237287681031758 0.0124298924825066 0.0320217501042716 0.970831943089896
0 -0.0318940193501606   -0.29715175142707  -0.167061640562129 0.256395188707194 0.0118211554870151 0.0327494512309449 0.965944740104125
0 -0.024595918090508 -0.327253780348883 -0.204013584908306 0.269197088925254 0.00793132375864833 0.0377833504216502 0.962310989155023
0 -0.0217893330921844  -0.338064991774432  -0.243390667695993 0.277737345194761 0.00927918785692781 0.0341054225837036 0.960006606178973
0 -0.0179626041835709  -0.343740566450898  -0.255484388364634 0.286967317850921 0.00680078606342066 0.0411756955790919 0.957030861512807
0 -0.00263168561909139   -0.363645814147561   -0.300304935859992 0.301061837854448 0.00426993831966151 0.04549240303194 0.952509306348672
0 0.0124481871821162 -0.386919163465241 -0.340651669009804 0.317904150825814 0.00295203394047775 0.0561315189284742 0.946455222906036
0 0.0103703440864789  -0.40399045014475 -0.351482296885362 0.332666983343924 0.0124014144048402 0.0621874831861465 0.940909985093465
0 0.00712724556339705  -0.428094998942771  -0.355730303745816 0.342228213691305 0.018936416670309 0.0685097672840855 0.93692458269811
0 0.0200852794849745 -0.450601182864275 -0.349783033099158 0.34715024362106 0.0130071863463507 0.0768202859120981 0.934567367892531
0 0.0482376823428453 -0.460864220931238 -0.349993319443315 0.346811892292793 0.00304093950604166 0.0747968583645764 0.934942615367383
0  0.095136537964127 -0.461936844703088 -0.348198219878191 0.351739864746735 -0.0229208031108682 0.0652251680875304 0.933541312305275
0  0.149562307962438 -0.467187103697213 -0.342611271722302 0.359373265177063 -0.0492120014225072 0.0599603693093715 0.929964402170455
0  0.192853296083003 -0.465502301305705 -0.337246970124641 0.365251124572592 -0.0750689644735708 0.0517986039107905 0.926430338020197
0  0.213824361163514 -0.470589924881936 -0.329056309138673 0.369253995961275 -0.0831777922415314 0.0485954195639808 0.924322144353286
0  0.184366211912775 -0.485455882825404 -0.323306588380962 0.365083875863939 -0.0594949460752088 0.057743682406286 0.927275461833124
0  0.143753607110692 -0.490473164526612 -0.324982807698446 0.362545243714935 -0.0346998797969639 0.0685670393498597 0.92879245567379
0  0.134656681350075 -0.497177166733216 -0.328648708483556 0.358636051582636 -0.0299609739040992 0.0737293852581606 0.930078760265704
0  0.114710880325756 -0.492655158981205 -0.348910280203281 0.347892450970851 -0.0259217257567699 0.0751123446929439 0.934161143682402
0 0.0930493695745312  -0.47926406770958 -0.371543372554007 0.339695854128766 -0.0227286595740631 0.0726269322947904 0.937451579244039
0 0.0737028191529216 -0.461539901896649   -0.3961687764986 0.340810597530552 -0.0180953660369645 0.0872352724155186 0.935901010569733
0 0.0700062551791998 -0.457831637223955 -0.402393128411476 0.342870665637532 -0.0208121319467283 0.0914867987014243 0.934685362821347
0 0.0650943140691409 -0.456006287969834 -0.405723930227365 0.346361777804777 -0.0330483510390087 0.0918539313434254 0.933008135369823
0 0.0638677608747917 -0.454789772644998 -0.401828482922989 0.349887769229337 0.00138230378582884 0.0914122403648296 0.932319923894928
0 0.0595024383484869 -0.453614011632004 -0.401969398631732 0.352724013801555 -0.00651305645230575 0.0844672029082882 0.931884457331605
0 0.0552742042090627 -0.457872584388639 -0.395911252743607 0.357657105837234 -0.0203357913176519 0.0748404012507891 0.930627081368386
0 0.0531544363873889 -0.459880225302431 -0.392080032693672 0.360682454929025 -0.0175618356170149 0.081923236411413 0.928917828428334
0 0.0562729188335955 -0.475053632680587    -0.374485877361 0.352933957622563 -0.0226624749307302 0.0809457815692493 0.931864697385319
0 0.0608643265734575 -0.486751752549437 -0.359512751239726 0.340710144233791 -0.0380888792284926 0.0712956888661703 0.936687119397083
0 0.0623641980806264 -0.492865294018474 -0.351412937990662 0.32664377675525 -0.0451329706069253 0.0684579476079688 0.941583967302208
0 0.0639238012553994 -0.499388218056678 -0.344831204389443 0.302922728372059 -0.0568339702088389 0.0615515249167713 0.949325618661136
0 0.0661268062543741 -0.504143674879177 -0.338063056031931 0.283561832415312 -0.067960161489043 0.0581946268559888 0.954770909199032
0 0.0670654681128592 -0.507978499215438  -0.33377143202355 0.2549473933839 -0.0768127956463329 0.0580243795202094 0.962151127636945
0 0.0690546767319161 -0.511823035323893  -0.32877823838248 0.22115778565238 -0.0919424356484714 0.0507447909954955 0.96956732028219
0 0.0772474299897906 -0.516240697505198 -0.321138071027512 0.186616828538313 -0.109856751991671 0.0378648515681974 0.975536727326993
0 0.0780209582571601 -0.519740729127398 -0.311279887327867 0.15239034905418 -0.113946662775468 0.0275694093942113 0.981342584026156
0 0.0822663729323172  -0.52372768729687 -0.302599281060539 0.119362420442163 -0.123791084711364 0.0206577007636157 0.98488661242365
0 0.0863557677261475 -0.526592027631838 -0.295605767667847 0.0905732792022399 -0.133494915458267 0.0183554644691048 0.986731303631068
0 0.0954109345698752 -0.529704605741074 -0.287637131236441 0.0761953129008792 -0.152164145655588 0.00929290385544237 0.985369975697847
0 0.0960400428184528 -0.529361024448441 -0.285463764123547 0.0764789035438115 -0.153842258037331 0.00386311373748834 0.985123653815582
0 0.0966851024143736 -0.530210804426143 -0.282248980563201 0.0573828699824407 -0.152219098425709 0.00198312982188654 0.986677566129459
0 0.0984020779258306 -0.530593579955965 -0.278233406952018 0.0206335427805705 -0.153608190118191 -0.00217489301538625 0.987913989515943
0 0.0983382811328477 -0.530769909122984 -0.275370948701771 -0.00539893532992689 -0.151605094770417 -0.00783632817487521 0.988395335226594
0 0.0972892856378958 -0.529556022402135 -0.270588527896065 -0.0515566027965601 -0.121346739900707 -0.00711826332045679 0.991244780945075
0 0.0970323497593417 -0.528662329851846 -0.275955816616976 -0.0811982106955822 -0.116994424468354 -0.0028486007289548 0.989803536413687
0 0.0942875561123532 -0.528636883947212 -0.285655291352451 -0.0841647306486794 -0.126787647895843 0.00697377019209642 0.988328162598427
0 0.0920288522627302 -0.529145551814837 -0.298366905150325 -0.0849671987736109 -0.129251954844571 0.0158083867101116 0.987838348218496
0 0.0927573159195035 -0.528861393208278 -0.310242199224487 -0.0812554227506672 -0.13051607737781 0.0141376739927729 0.988009734766614
0 0.0968020532805368 -0.527874052213719 -0.321502811720119 -0.0802724144160101 -0.128902907345004 0.0321615101616461 0.987879556031985
0 0.0908827764923872 -0.529074574925426 -0.342556735060736 -0.0722528481784617 -0.0963466034270967 0.0477314682868425 0.991573781860606
0 0.0866826488341413 -0.529250121876689 -0.350458215122343 -0.0719590460651234 -0.0813309776689278 0.0591246297641551 0.992326279968472
0 0.0797637796741816 -0.530758062169104 -0.360812100565151 -0.0750187222698578 -0.0731543836750477 0.0746046733926322 0.991692880969759
0  0.073759444482338 -0.531583643199131 -0.372190686437079 -0.0763675770214449 -0.0605372242941188 0.0852931064398487 0.991578702700133
0 0.0659010317000007 -0.530025690521842 -0.399125365544852 -0.0631102895592688 -0.0437540852770536 0.08081195399654 0.993766622233095
