0 -0.000138159289244318  0.000135236489561792 -0.000108069648123005 2.52771740498486e-05 3.73074129954157e-05 1.42685361525215e-06 0.999999998983593
0 -0.0150022183770094 -0.0165438325832909 0.00887260349704986 -0.00582102334912877 0.0028427611628409 -0.00180802067186999 0.999977382472919
0 -0.043425091532946 -0.036078987824246 0.0277947734766006 -0.00972799738720995 0.00792682062319304 -0.0150109720995739 0.999808582828867
0 -0.0664500951522576 -0.0509242559943619   0.051974572105964 -0.0145987799104353 0.0134075403819845 -0.0153296976419455 0.999686007632516
0 -0.0854905978073506 -0.0650677587441582  0.0801168011755227 -0.0187028160118387 0.0201813679767052 -0.0137892958451706 0.999526273981785
0 -0.099858748150463 -0.076418664742944  0.103662378893824 -0.0201221930471054 0.0264811274968221 -0.0132734780631105 0.999358625326054
0  -0.118604954234291 -0.0962972022089212   0.141884092546167 -0.0222104357947452 0.037749670743032 -0.0143714791859333 0.998936994753227
0 -0.136100952213207 -0.112697407630992  0.177394467186331 -0.0227400849406742 0.0518842807597851 -0.010643769835006 0.998337427982458
0 -0.154524348895299 -0.128741440452434  0.211140706140271 -0.0247251266109905 0.0679129909003086 -0.0106957925777225 0.997327475708044
0 -0.169263302396504 -0.140845602377494  0.243661109927841 -0.0260549734885495 0.0830458146555244 -0.0109355159362027 0.996145042408946
0 -0.188050206517375 -0.152978117042936  0.279010822143494 -0.0289799505905291 0.097227836212552 -0.0112779737399513 0.994776214853128
0 -0.206839255475965 -0.163356491605789   0.30741892490973 -0.0311208430747392 0.110412784476177 -0.0102941267916975 0.99334512688397
0 -0.225895931259556 -0.171130356282557  0.343259895644017 -0.0318331446837491 0.121464358618821 -0.0150007363152448 0.991971793144776
0 -0.240265147981056 -0.177802895782555  0.371079558469246 -0.0330182568739791 0.127932642320819 -0.0159912615233463 0.991104088023407
0 -0.254113747365071 -0.183014676159622  0.398776172551695 -0.0328949692416509 0.134609235625715 -0.0112473469169492 0.99028873156781
0 -0.267916837203006 -0.188748524691006  0.433171753614528 -0.0319540336539028 0.13930996844453 -0.00782985948352422 0.989702160109645
0 -0.281624559553508 -0.192049301974549  0.465083286716913 -0.0320269935214631 0.149374795995322 -0.00992679349993328 0.98821197158208
0 -0.284569000543222 -0.194480447036874  0.491444176280169 -0.0313424872371884 0.155336729256136 -0.0100054317181201 0.987313547143929
0 -0.277357491807562 -0.196374689377876  0.512712276988507 -0.0271683113095082 0.156675715816804 -0.00891773535849065 0.987236079633417
0 -0.268930700388376 -0.198599676380697  0.537148749177748 -0.0248992698181997 0.159938099435149 -0.00650627985767809 0.986791517512188
0 -0.263042223416199 -0.205759239919965  0.545958521702875 -0.0114526754085065 0.163397497924392 -0.00217288197246325 0.986491445721639
0  -0.26142182069391 -0.211092828568977   0.54757656999735 0.00254376723728874 0.16359658199782 -0.00360786451813703 0.986517445826728
0 -0.265457674198351 -0.215534919075991    0.5434675206325 0.0165687615266774 0.166245148442317 -0.00865735874368461 0.985907235443806
0 -0.269637155637321 -0.218870965140511  0.541785035622689 0.0262369978108213 0.167268166402645 -0.0143627170978621 0.985457605791207
0 -0.277880476015688 -0.222986193307778  0.537115967783618 0.0418799273310061 0.166084149510165 -0.0226298628719812 0.984961936459795
0 -0.287559834168169 -0.227126521467654  0.530285916130078 0.0652930736410869 0.162634658352077 -0.0297355654698631 0.984074478168899
0 -0.294874089696721 -0.231371382873659  0.525558206598668 0.0835055507971394 0.163346346275009 -0.0377132533273196 0.982304690342126
0 -0.301970670661002 -0.236917307303356  0.522963111361374 0.0928220862070075 0.167824226024541 -0.0447184758321619 0.980417945261454
0 -0.316361277751166 -0.240220594444953  0.524400673265996 0.109181501835714 0.178184144124278 -0.0484972643842244 0.97671788444097
0 -0.327104793378402 -0.249737047797166  0.531101942675302 0.094805617629947 0.189593423106972 -0.0533648993374587 0.975816794433816
0 -0.339948499201737 -0.256391917693565  0.535928105222798 0.0672047961143997 0.206652847833128 -0.0481385795296374 0.974915787656836
0  -0.35248990577656 -0.261486350123009  0.530329604614997 0.0835102234069777 0.206777836308598 -0.0459698693000715 0.973732889510561
0 -0.350780759368864 -0.259313334238704  0.526101678078376 0.0977715854217886 0.202658782320113 -0.0540275303225748 0.972857215114264
0 -0.354171090945179 -0.263124103268637  0.525662639050218 0.106411525515057 0.204759384747572 -0.0575445345635952 0.971307782393003
0 -0.358607390294088 -0.264446039440158  0.525350049436482 0.117507330047745 0.206956404847828 -0.0546124024366302 0.969731178924145
0 -0.363913538127944 -0.265208200980902  0.525173326782749 0.130000394532365 0.206509967861965 -0.0438055079468436 0.968779958539915
0 -0.36669271528522 -0.26624444981352 0.524448739866968 0.138673703999741 0.204003308501649 -0.0559107594431169 0.967484491306123
0 -0.371784371923658 -0.267617985237326  0.523690856721475 0.146239308637859 0.206681549345977 -0.0594940197615332 0.965586486743514
0 -0.377514342423778 -0.265684348762878  0.518221502708105 0.169122091763564 0.20914053690943 -0.0630943582346817 0.961081191085179
0 -0.383835006521595 -0.266374390163434     0.516223245184 0.186883051024395 0.214613324670376 -0.067064209140215 0.956304469280646
0 -0.384608262140265 -0.258353770209373  0.513897477737404 0.171495778486526 0.220464483731181 -0.0702528092991655 0.957626833458639
0 -0.385553458897067 -0.250819785274059  0.510617469960489 0.152557941576676 0.217233202718732 -0.0708660077739499 0.961516416417646
0 -0.381953605293792 -0.242729769333308  0.506732290463267 0.128004456610572 0.210005601705101 -0.0732090770129702 0.966515875391201
0 -0.382275348489898 -0.235850585437621  0.503461427143935 0.0905452199932798 0.207334107522537 -0.0725013991243159 0.971368971153196
0 -0.380978517212889 -0.226647403747307  0.498951890115982 0.0588967404452191 0.202192912068014 -0.0681741698796278 0.975193049009071
0 -0.381252160664603 -0.217573216504712  0.492737827541952 0.0318502396892053 0.19875008879878 -0.062131474013225 0.977560046427411
0 -0.381698395388584 -0.208063754912635  0.489108159488413 0.0211557161532333 0.202161588204932 -0.0582822867352167 0.977387488656069
0 -0.384290274835334 -0.199438859277868  0.482215408085522 0.00544520163287548 0.210306707513943 -0.0608362851861265 0.975725568466141
0 -0.388720773691476 -0.191285430325572  0.479041679313324 -0.00622864726712643 0.223931579729629 -0.0631384957636015 0.97253759922469
0 -0.388909009144861 -0.185823758434524  0.473695401245226 -0.0148255948980543 0.228373467110826 -0.0624153159639203 0.971457713741995
0 -0.388667072438612 -0.177954964592511  0.461885862394301 -0.0277971174400631 0.229027224386092 -0.0603969912416701 0.971146772738797
0 -0.388731615906625   -0.1690686162304   0.44904225850138 -0.0424842951198661 0.225026375521989 -0.0579047692369464 0.971702244870938
0 -0.389129311866666 -0.159015996144461  0.442075076091664 -0.0591093562605892 0.223997852719455 -0.0601014117586103 0.970937107275314
0  -0.38993176884599 -0.148519841311768  0.437479396111864 -0.0762920518223669 0.221429751546863 -0.0612517438996909 0.970255951709586
0 -0.389767755168427 -0.140521724932984  0.434421673380448 -0.096077060386302 0.217597509463254 -0.0543929640512007 0.96977416330022
0 -0.390234678550128 -0.132954434365892  0.430863459581139 -0.111334410530968 0.214009026701227 -0.0478991730867419 0.969283474913156
0 -0.391060542648698 -0.124914947475342  0.425979758875733 -0.122040406969236 0.21146614637134 -0.0418110469169109 0.968834374060577
0 -0.392866410078647 -0.118143096361621  0.422674787746364 -0.135373909623554 0.211739476453065 -0.0383170794830945 0.967146369545221
0 -0.392474456464911 -0.112822232492502  0.416319720047602 -0.146473521665711 0.20601427441765 -0.026903065288052 0.967150376759023
0 -0.394302389096141 -0.103948995253292  0.413545085980802 -0.154770631521301 0.207898514026192 -0.026164724036083 0.965473804253805
0  -0.394856887751905 -0.0923368535972554   0.410020673978489 -0.162454014814622 0.209322688172571 -0.0253449804652621 0.96392444582137
0  -0.394487399495796 -0.0858932630354699   0.409441931489599 -0.187349519146957 0.211493023627061 -0.0204058940809292 0.9590382985675
0  -0.39340269923811 -0.076402629676395  0.400826784426233 -0.244115127020368 0.209652613306584 -0.0109441161220788 0.946749075951942
0  -0.393669090371711 -0.0725163795675364    0.39534490864327 -0.266154181786012 0.209395528010233 -0.0049018824741339 0.940899269802748
0  -0.395507615321084 -0.0616454993347407   0.388348366231161 -0.299760018352442 0.207871487396069 -0.00129219819604072 0.9310916745138
0  -0.395524900386924 -0.0492112571095336    0.38193015085166 -0.329251993227876 0.210296272361776 0.00691714873310917 0.920500274763466
0 -0.397506326827298   -0.0440661254493  0.377742471851765 -0.345884449945694 0.213316064264232 0.0150950504259475 0.913582149270234
0  -0.400637619834195 -0.0417238592623961   0.372239185529435 -0.35920401985158 0.214505974823644 0.0169755633875491 0.908114248943986
