0  0.000203430138690881  0.000116337842622392 -0.000145577363304145 -9.31329211191981e-05 2.20743897679248e-06 -1.90705817777035e-05 0.99999999547885
0 0.00299806497888854 0.00360880457756555  0.0332966171501645 0.000361338691181447 0.00274826121807259 0.00225658069918337 0.999993612148685
0 -0.0017067646916286 0.00557328787953486  0.0935117593388448 -0.00429936997390108 0.0088770219841063 -0.00148943982616656 0.999950246496057
0 0.00455643168294688 0.00723559986321532   0.155477433046044 -0.00901610186394967 0.0174989425136969 -0.000952750952624476 0.999805775730318
0 -0.00506995914138195  0.00543304120612194    0.208163969805872 -0.00765476650723029 0.0253799903906681 0.00303392097968592 0.999643964599886
0 -0.00501442493975105  0.00100983456244804    0.263826903019678 -0.00280424340445859 0.0324229440645444 0.00718971357837485 0.999444444146736
0  0.0287157736839814 0.00119319357457088   0.283388997182518 -0.000674348890756268 0.0278991989471196 0.00448489069667738 0.999600453034672
0 0.0578578061113669 0.0130333979763462  0.309335223901958 0.000108807135868137 0.0271875879382413 0.000184096909537686 0.999630326336409
0 0.0802361324445981 0.0266724968088436  0.342196491488788 -0.00553295321452178 0.0281619229829199 -0.00152274996198033 0.999586901552428
0 0.0919356115638528 0.0382933979963638   0.35371736999776 -0.0167785777025655 0.0285191226466486 0.000291466417957197 0.999452377065096
0 0.101233726262935 0.049390646997892 0.361644120494134 -0.0305125181204226 0.0296518860859779 0.000793388344540991 0.999094150930947
0  0.107256638241555 0.0568432049128656  0.365871938028969 -0.0372079316250499 0.0296734921004385 0.00668483827719655 0.998844515742044
0  0.115494512334634 0.0726544762837749  0.372878327902456 -0.0412165374858191 0.0325254872994066 0.00558720507193475 0.998605063502634
0  0.120281259166739 0.0821245777048186  0.378922578582099 -0.0393776340169342 0.0342666906176169 0.0114224287589581 0.998571341454676
0   0.12854709106547 0.0988396985805389  0.387688405291932 -0.0134489395605499 0.0347967899340057 0.0180497778074232 0.999140888441709
0 0.123493866961272 0.119598249914331 0.392490374389928 -0.010577321082821 0.034718737200728 0.0215607893356399 0.999108533608397
0 0.119012875435598 0.135823942122701 0.394236617411156 -0.0147569706273993 0.0367657374419248 0.0208722770551461 0.998996927131804
0 0.118531589594938 0.146876069842233 0.390750518645253 -0.033737802752638 0.0390237874496165 0.022766363412287 0.998409033099907
0 0.119471989188316 0.154086468676131 0.387828426854245 -0.0488002549965026 0.0384425248521353 0.024478914514038 0.997768254726259
0 0.121120924889008 0.170021397754751 0.389429789114833 -0.0617126177903914 0.0364726413001222 0.0242614735378082 0.99713222801383
0  0.12367766165884 0.185469385811385 0.388777937740781 -0.0724034676093775 0.0366510797340505 0.0265189657582288 0.996348925170083
0 0.123020209026543  0.19701331231341 0.388149094193605 -0.0791188948735144 0.0395918406464795 0.0284246929536673 0.995673000266005
0 0.122231552363324 0.215115610236747  0.38656272343831 -0.0880462914736535 0.0483081996549172 0.0302201674435761 0.994485248700814
0 0.124447932970876   0.2329287324216 0.378447215149584 -0.0957826215875239 0.052816571844493 0.0291616301271416 0.993572190869262
0 0.123556295028148 0.252475414696645 0.373983460740146 -0.104138224157445 0.0581234161783217 0.0292270798644416 0.992432706314989
0  0.12343843474568 0.260951390037852 0.370394591559104 -0.105879191268549 0.0556119555236466 0.0255412351083311 0.992494107069808
0  0.11809450517468 0.262499056750867 0.375428593404561 -0.0992171090452084 0.0332959526644233 0.0248739311683432 0.994197481568482
0 0.109666900462639 0.253680326347745 0.387699637313871 -0.0948477670140044 0.00339841648182202 0.0345451392204009 0.99488641824789
0 0.102345057052906 0.251235707907661 0.390138310012441 -0.0867568778058659 -0.0314097128311593 0.0320822436145832 0.995217264589947
0 0.0927038241454019  0.250103456670631  0.389836488476167 -0.0824749258792665 -0.0613773639226941 0.0335643761174813 0.994134869348699
0 0.0862393227497365  0.246389658855161  0.384371215217847 -0.0789693494384352 -0.0763276005025517 0.0326504123741558 0.993414258918499
0 0.0770389270367159  0.243506551034233  0.371950286277139 -0.0745383799707787 -0.102314810561695 0.0280807201252782 0.991557957261351
0 0.071781831792591  0.24301876953533 0.364142905462514 -0.0712843485736516 -0.116043670897457 0.0235864753347118 0.990401982163989
0 0.0658553071131859  0.242223670969716  0.359286754709998 -0.0651879083030822 -0.13187496105356 0.0217959861589252 0.98888041048731
0 0.0613782946763378   0.23917963167966  0.351647274789429 -0.0607801158740238 -0.143690885510848 0.0238078004140109 0.987467414943347
0 0.0551799067649805   0.23439569289497  0.341083246121313 -0.0535426235654081 -0.162072027916744 0.0261883518565162 0.984977164941262
0 0.0500094546608448  0.230539490497988  0.330711878561585 -0.0464991700936656 -0.180290722503817 0.0270400600973757 0.982141495768091
0 0.0448721833993349  0.227111199178371  0.323336835588898 -0.0423439477428929 -0.200358429784431 0.0310488536434707 0.978314600929216
0 0.0409898199295573  0.221012067449471  0.319159753974262 -0.0362216647675827 -0.216956430055504 0.0346595714074481 0.974893128793556
0 0.0365463888492959  0.211936683516023   0.32272597660039 -0.0228392328395201 -0.225057023713881 0.0364238732285961 0.973396633947015
0 0.0363714056470845  0.207985516806049  0.324519404333222 -0.0177155166945558 -0.22790068855469 0.0377557219852051 0.972790800779859
0 0.0351634087591203  0.199422990465931  0.325120912371517 -0.00684453648924168 -0.231524296740065 0.0370389200381034 0.972099671197186
0 0.0401790925736515  0.185609534399063  0.317224243079876 0.00839364978356636 -0.237445982844482 0.041061686135576 0.970496208032794
0 0.0361108307669534  0.177404236345392  0.316305556150191 0.0126186748378742 -0.234750063794426 0.0427173589588166 0.971034707843871
0 0.0378595603720943  0.167649558815313  0.319413116691737 0.018416045477522 -0.235861986858935 0.0459664356308845 0.970524115732998
0 0.0388132760080394  0.159112068510907  0.317398632929615 0.0223764495636806 -0.234310110290463 0.0434443880182522 0.970932877118864
0 0.0468711303645638  0.151203521448471  0.314695890585332 0.0240276255663981 -0.238093066099237 0.040685256175613 0.970092302317171
0 0.0580906400390527  0.143226210312736  0.299704351475178 0.023243060841981 -0.242282375619339 0.0376324747633756 0.969196991034397
0 0.0694823224498809  0.128669103527626  0.284845615269082 0.0213706163879216 -0.249475708049872 0.0355685482608123 0.967491625918712
0 0.0860919204385861  0.113839855914949  0.267791112730971 0.0160263408847298 -0.259399276039565 0.0291626813919906 0.965196720882342
0  0.104366150379796 0.0996575646845274   0.24574468525577 0.00913567603564792 -0.270162592188723 0.0291244021848687 0.962330755199383
0 0.0883695871158305 0.0882888591221295  0.225430020025242 0.0038879831236356 -0.261572495204553 0.0279356798862284 0.964771636776802
0 0.0922537756260011 0.0679834712662147  0.192916133714618 0.00048963387714855 -0.253935750363949 0.0276541767669121 0.966825548614179
0 0.0920390004971118 0.0533729505846044  0.166718556912951 -0.00354116723406844 -0.232744836551218 0.0247007233912053 0.972217658478449
0  0.110067362457838 0.0330221455673466  0.153854300096457 -0.00962812096444158 -0.216621671287564 0.0454876448741054 0.975147796479633
0  0.138323473337313 0.0219686649520002  0.155574493498658 -0.00546140463977726 -0.21092014608931 0.0586247376842102 0.975728448475539
0  0.168679781051298 0.0172715333722921  0.156187120261274 0.000336832986894716 -0.215859762092994 0.0616355700884033 0.974477042393803
0    0.188245714348203 0.000446475026989483    0.148696061910757 0.00675013987453004 -0.217160857916109 0.0647234192391252 0.97396430961448
0   0.205579156637143 -0.0133361891752378   0.142410680980419 0.0215203757053921 -0.21887456373173 0.0706565645627149 0.972953466854884
0   0.211892329820341 -0.0308734776296475   0.141405881385689 0.0423147385974422 -0.2210448571164 0.0909617687648507 0.970089991012685
0    0.20490013402734 -0.0526033815929912   0.131496456190712 0.0639581123908077 -0.205642121264178 0.0918882647799493 0.972202254994867
0   0.218663433737918 -0.0675411241911118   0.131006239695575 0.0859824756595301 -0.203514905946096 0.109559037647167 0.969115841479767
0   0.223025379052229 -0.0594924939581508   0.117864835513742 0.110344381801723 -0.220999500082685 0.112752716876068 0.962429302964672
0   0.232237009035999 -0.0578758547607528  0.0781520074634983 0.118596133363594 -0.241375396025428 0.11483217079569 0.956287847823616
0    0.23312272149709 -0.0496497386260025  0.0477192684493452 0.11830168944476 -0.264531429318486 0.110145694752332 0.950734326247223
0   0.239055354202775 -0.0329363875914896 -0.0244725776637832 0.0998020524048593 -0.276054762649268 0.0957943009176003 0.951134464871367
0   0.241352592820295 -0.0211781968674731 -0.0596636677455949 0.09320407174277 -0.295940929985169 0.0916943610242143 0.946215678968829
0   0.226447405370516 -0.0179062608025611  -0.107746098935047 0.0657923121644692 -0.288996576212702 0.0875683724078074 0.951043706015258
0   0.236220355637958 -0.0118182868916174  -0.112260199235496 0.0420317535346241 -0.278386756352613 0.0801270717176053 0.956197572659666
0    0.250056910242543 -0.00761363995147239   -0.111404444156845 0.0203873240945862 -0.286889372289639 0.0669326690416931 0.955405077911183
0    0.254117870692108 -0.00275400899051567   -0.129246490413333 0.00279659614590122 -0.301124798668442 0.0531277463146029 0.952099510160791
0     0.250962629059908 -0.000504264274786705    -0.121091417259565 -0.0110649762102687 -0.331497516557834 0.0473203696682295 0.942203664518408
0    0.245169276264458 0.000147602013413804   -0.114982910799001 -0.007967841949512 -0.35917967686469 0.040013497842898 0.932376207982819
0    0.237018754758603 0.000276041071071311    -0.10253053695171 -0.00289762352785204 -0.391188835572623 0.032101709415628 0.919745823015153
0    0.216731798706484 -0.00312923799876397  -0.0788519060316298 0.00776448204230885 -0.413236961984977 0.0303710135837519 0.910083802515976
0     0.232193126277093 -0.000555301232126677   -0.0449921546561389 0.0155643083776417 -0.438057554504206 0.0310452949351899 0.898275860139249
0    0.225852043627681 -0.00291086155025405  -0.0213492433607663 0.0242910396199008 -0.459502367543254 0.0313560633449765 0.887290435487634
0    0.204208016690026 -0.00716485152876845  -0.0388317982190673 0.0237599077822289 -0.457086546114742 0.0301960840064179 0.888591893196057
0   0.184029374398467 -0.0103882565659938 -0.0607801238676747 0.0204365515219245 -0.454532929982182 0.0330224063641574 0.889882960619892
0   0.166750605416738 -0.0131643420284822 -0.0825006938926204 0.0195705520224645 -0.446028634328279 0.0348693869932078 0.894125034155461
0   0.154552255331358 -0.0148707100478999 -0.0981721277997506 0.0186964390430075 -0.438093432233222 0.0354747601870551 0.898034592424422
0   0.145536872693476 -0.0140779740281925  -0.117916937612419 0.0151345153404533 -0.430809662049445 0.0382436535884039 0.901505077351461
0   0.133775180379073 -0.0140299402358593  -0.134265421058084 0.0114111320619287 -0.431707786569447 0.0355486882707254 0.901240513871078
0   0.130060603526762 -0.0145756603008035  -0.137246558629806 0.00805411768832856 -0.442580059151657 0.0299674127022787 0.896191930674177
0   0.100761623919265 -0.0178693995306744  -0.153939676691748 0.0075047749781325 -0.441411680700975 0.0268762695745659 0.896870711210386
0  0.0796144425752494 -0.0213689337657318  -0.159845062243291 0.00795752575918054 -0.450207968023596 0.0330341767797196 0.892276978564584
0  0.0535707492389167 -0.0273367615096588  -0.167443435019647 0.0118846864597385 -0.457620019258356 0.0351570173969043 0.888373038947879
0  0.0334282426250914 -0.0312567180192282  -0.178965803778326 0.0131982385598002 -0.462094187242694 0.0436163271060656 0.885659293760986
0  0.0180906902482856 -0.0339403836053466  -0.202365492748719 0.013991365500806 -0.470653939612863 0.0444886033179051 0.881084487999384
0 0.00872256090165699 -0.0323519093859687  -0.204568880381954 0.0154250784516813 -0.484602806492691 0.0437103241428046 0.873505348843096
0 -0.00256922560382129  -0.0327562261117231   -0.221219832642106 0.0159164360995906 -0.488190367314132 0.0441712197792141 0.871473313226972
0 -0.0103730802801451 -0.0330144577097529   -0.23998760157893 0.0146920086552927 -0.486653900303832 0.0438558454313227 0.872369641277277
0 -0.0173624771359208 -0.0329014149591644  -0.261753262244737 0.009723100828847 -0.482679047091878 0.041716844135391 0.874749166175157
0 -0.0331530280411249 -0.0317022307944701  -0.280015211408752 0.00254632010952653 -0.476762905539755 0.0421881822273711 0.87801526492171
0 -0.0847761324000131 -0.0343008920041566   -0.30308617310138 -0.00157854729881373 -0.4696603490499 0.0399088670739721 0.88194327881538
0  -0.109322193044691 -0.0429858232163399  -0.285869664166079 -0.0110685937059781 -0.47313404880414 0.0440292984227134 0.879819912809421
0  -0.147755538517933 -0.0516043744939196  -0.279734711917832 -0.0151908274392197 -0.463532106410597 0.0400754982119858 0.885043038236745
0 -0.159821253906626 -0.052705806505977 -0.271443721123357 -0.0164171989112293 -0.467808182468153 0.0285360632601642 0.883216662597216
0 -0.199826217773811 -0.057213963417032 -0.277467944172815 -0.0213310201470453 -0.469032279989428 0.0111420943063811 0.882853080439703
0  -0.217490032202305 -0.0582314329579405   -0.26890556146123 -0.0317644444297788 -0.471942946062067 0.00391623995487803 0.881047977579507
0  -0.238613179963068 -0.0619405324342026  -0.270073254912986 -0.0378598701526335 -0.466746927642945 0.00114690852314594 0.883579436365931
0  -0.273190911936696 -0.0708289845918657  -0.272481923713554 -0.0452401049765554 -0.464621527961388 -0.00456264663163964 0.884341195982778
0  -0.282622829576887 -0.0726958856065079  -0.265306779604557 -0.0514351500099276 -0.469565175918623 -0.0143382571677535 0.88128167193546
0  -0.301359752960367 -0.0739626487449613   -0.26150951292038 -0.0653183791298278 -0.475928575382838 -0.0277350472969788 0.876616374267187
0  -0.319503571358778 -0.0734019775707233   -0.25432705776901 -0.0811106726962624 -0.486334678651078 -0.0442526649715813 0.868873604593341
0  -0.334902281071806 -0.0756994834043536   -0.24267424296794 -0.0855691200618301 -0.502689892701478 -0.0555398624563644 0.858426538001912
0  -0.345182257675055 -0.0789726495231585   -0.23305366855777 -0.0806957463224912 -0.525801323848374 -0.0678667553887112 0.844046958336894
0  -0.352330901272625 -0.0819467076717456  -0.225855925382353 -0.0749013309827785 -0.541745775573825 -0.0754928424900231 0.833787824328048
0 -0.358943648058484 -0.085166514771329 -0.218177287045084 -0.0677341248676877 -0.556263342381189 -0.0829396482200533 0.824077785772952
0  -0.365772176741715 -0.0886236382881014  -0.208408248873296 -0.0593298909022286 -0.571480103541766 -0.0914895012863828 0.813338875534541
0  -0.379774915958403 -0.0923212176888313  -0.200731855677743 -0.0595601584810783 -0.576472502741418 -0.0907309364480418 0.809876495693026
0  -0.371371563822949 -0.0909531594468279  -0.190669310453696 -0.0596645754640507 -0.585397730206091 -0.0988942026143855 0.802477147707968
0  -0.370453795135948 -0.0908981146135117  -0.184646487535683 -0.0597746833241694 -0.601381587128643 -0.108447433113928 0.789307499107369
0  -0.370104157433153 -0.0914988050209023  -0.180197603931014 -0.0608543372878429 -0.619956038744566 -0.108815366086148 0.774667977756239
0   -0.37189954504938 -0.0925618228152327  -0.175294178337311 -0.0597028465286401 -0.632767585371252 -0.109123687653499 0.764285793282012
0  -0.373936660112577 -0.0939519870635212  -0.169326548999908 -0.059944018171679 -0.642724685450923 -0.110787595394421 0.755670432201874
0  -0.375703503491581 -0.0949616730097071  -0.161692129639326 -0.0588355189479579 -0.650241151668171 -0.114475944256276 0.748745674160465
0  -0.376162766330658 -0.0961438038311858  -0.156730133403213 -0.0605241165795146 -0.654517800403672 -0.114878382732845 0.744812887541357
0  -0.374375631216912 -0.0974348915894761  -0.149673023138934 -0.0636693454498645 -0.659581992633616 -0.117667988365829 0.739629673524118
0  -0.372453230593614 -0.0986631756843177  -0.141154011833023 -0.0650617979345565 -0.656753424150312 -0.117458213265105 0.742054897196247
0 -0.371749303794456 -0.099981230624046 -0.135559923039469 -0.0649772000289351 -0.654791933539953 -0.118644933272025 0.743605316721368
0 -0.370982450057982 -0.102007298869355 -0.127692151639252 -0.0655189173721617 -0.655018428699198 -0.117947541234472 0.743469237458791
0 -0.369753443745198 -0.104027688311384 -0.124488952511691 -0.0647333607988995 -0.657323510225118 -0.117760140498035 0.74153081137259
0 -0.369465832183247 -0.103350635279915 -0.130497150746995 -0.0675552419252847 -0.657230233701146 -0.114743160271677 0.741834696120653
0 -0.369337398432793 -0.102795395273347 -0.135793293874785 -0.0683647819229475 -0.656190837640651 -0.113043315933207 0.742940811849715
0 -0.368623464157933 -0.101885788144086 -0.144050818547876 -0.0689755587206611 -0.652646233857071 -0.110264768403269 0.746416068007869
0  -0.36776825410421 -0.100781978119119 -0.150797889431089 -0.0679111255775067 -0.654375519183254 -0.109159506836345 0.74516103023688
0  -0.367073728810858 -0.0993894748269726  -0.159041676502578 -0.0636705443099473 -0.658169295487598 -0.110467708088415 0.741994693872083
0  -0.365735595713242 -0.0980159623751523   -0.16845536335262 -0.0557194133739223 -0.664154677343246 -0.115068099622344 0.736582136618624
0  -0.364491917477027 -0.0964621231153701  -0.178453511104718 -0.046303475260009 -0.671463371028771 -0.120511835802093 0.729705301458839
0   -0.36475350735774 -0.0952563361054633  -0.188430281429238 -0.0381357689142808 -0.680351363909858 -0.125239868840116 0.721098231871514
0  -0.365850754221823 -0.0947087491465718  -0.195380561422083 -0.0337889502724041 -0.687866397377805 -0.127249021975571 0.713796758611462
0  -0.368918412688928 -0.0937507546672965  -0.201805446763043 -0.0309620602574485 -0.698442105744247 -0.12772121272306 0.703496458817461
0   -0.37235858935535 -0.0934209910300473  -0.212446706977784 -0.0265369763960701 -0.711616632545762 -0.129191145794929 0.690077680421689
0 -0.373170072133193  -0.09421713154229 -0.221365431775582 -0.0223416854172093 -0.719640658853915 -0.129539707697293 0.681790022915209
0  -0.379600632777745 -0.0943192644608053  -0.229666577448976 -0.0140591171201239 -0.730813816687617 -0.129340325068447 0.67006312156055
0  -0.385409945495452 -0.0954354563628689  -0.235802515778715 -0.00607286262924062 -0.739614026225032 -0.127600089140555 0.66079681430982
0  -0.393891555957961 -0.0969309147500551  -0.239881510695687 0.00113922953939906 -0.745725487671441 -0.126525409333349 0.654128060846098
0   -0.39829616488386 -0.0981747871545861  -0.242157725276531 0.00842225972628502 -0.755675413381208 -0.127196965363215 0.642420942338147
0  -0.403284286966394 -0.0985354606451442   -0.24768436457589 0.0121323069870901 -0.761347557720468 -0.129538707131507 0.63515543517705
0  -0.406921362107268 -0.0991281632346817  -0.253435512259055 0.0115607957736119 -0.765256403218365 -0.128979800465894 0.630565774845218
0 -0.415460446816274 -0.100317406638279 -0.263312225373033 0.0133485993259765 -0.769742465876992 -0.126978094381963 0.625455765557219
0 -0.419183095275911 -0.103519781543543 -0.274735188969609 0.0126184966441517 -0.772472961610198 -0.119563895623236 0.623562965535164
0 -0.426350602223132 -0.107387418972331 -0.284449313979475 0.0157806469542122 -0.772744238774696 -0.112358850538728 0.624494036262828
0 -0.428308390309036 -0.109747603765856 -0.290244599715473 0.0237735153200457 -0.775928143166633 -0.103915777475036 0.621749023162134
0 -0.433132971309937 -0.112466037090025 -0.297037681396039 0.0321020397821275 -0.778594833139704 -0.0952355287971529 0.619426943960875
0 -0.436338053526663 -0.115396962773803 -0.303839467443001 0.0391850181041777 -0.779759036785439 -0.0889038468372342 0.618495339453065
0 -0.443490102690454 -0.119393906619903   -0.3133269911483 0.0452923528252687 -0.778691637068911 -0.0818109466543131 0.620398989475335
0  -0.44237974327002 -0.125043006040855 -0.319434144762687 0.0513663916872583 -0.779798692182767 -0.0690392647731887 0.620087956176101
0 -0.444952147147679 -0.131696220894369 -0.323469906077391 0.0618969917683854 -0.776897422459091 -0.0564683274497805 0.624027631905406
0   -0.4430046342484 -0.138240699880346 -0.325675318996735 0.0746004814414669 -0.776348482624178 -0.0374539346988823 0.624751954355815
0 -0.446417243260212 -0.145482974008249 -0.334628381462556 0.0821435568845274 -0.772969990100681 -0.0235210938748118 0.628662539530585
0 -0.436110846664537 -0.146812921054074 -0.334917797476676 0.0896744263095984 -0.771222057128277 -0.000162232311666136 0.630218223749163
0 -0.434839829088293 -0.151345426981762 -0.340246400537943 0.0959019683866771 -0.764891040256696 0.014655060311841 0.636812168697998
0 -0.435816540406878 -0.154855386295009 -0.344220225990117 0.101044239052051 -0.755903561053129 0.0276342803440131 0.64624779666275
0 -0.447248314684947 -0.163417451761221 -0.345498277281279 0.111096467682162 -0.74646580852866 0.0378049432677921 0.65499401358388
0 -0.455957294441869 -0.171528986093284 -0.341179014024763 0.124989050977811 -0.745427071960948 0.0451775038541643 0.653203804848763
0  -0.45457836328271 -0.177113368283873 -0.339617504414449 0.140841718115481 -0.744789400240144 0.0637317913288281 0.649146068695039
0 -0.453356805250956 -0.182083756435036 -0.343479687085568 0.145512105795864 -0.741396616460114 0.0647968921625973 0.651888523395233
0 -0.451115443926242 -0.186662474273097 -0.353924319801601 0.150059791058358 -0.73585486629797 0.0793255030180383 0.655520510300062
0  -0.45133834006485 -0.191311811097894 -0.362416814978755 0.148428914386974 -0.729353296852237 0.0920307658558695 0.661470304609858
0 -0.451772112381661 -0.194487023968616 -0.371262471751181 0.15927433654274 -0.718411964931587 0.104564995153297 0.669015766742905
0 -0.456636358621245 -0.199231233059991 -0.379462847514483 0.169220526144058 -0.70530591178206 0.120357036907749 0.677806881053588
0 -0.452599570505322 -0.201732573990029 -0.384568575822091 0.174899764680308 -0.688628294956319 0.131821032370665 0.691248406236902
0 -0.454637617333194 -0.205299880507265 -0.392212675114657 0.180780969823752 -0.677357896069956 0.143985955583418 0.69840716360587
0 -0.453330472145433 -0.207583729421755  -0.40137392102778 0.184175944201736 -0.668837576221464 0.156352333188928 0.703057228195526
0 -0.449244814197019 -0.208229289956631 -0.411385483236345 0.18748992661458 -0.659314073610856 0.165112241127145 0.709147676853482
0 -0.441082107769172 -0.207845402958879 -0.417521391101757 0.186206983825011 -0.641944813389664 0.164991574782252 0.725266568916405
0 -0.449064698021691 -0.208681409282531 -0.427281634741823 0.182987261935288 -0.629206231948612 0.163856226829184 0.73740512377916
0 -0.453094275960709 -0.211384344968899 -0.433317816492596 0.176384401099056 -0.621158614757295 0.158773545489202 0.746887862811088
0 -0.452422714782912 -0.211079293745925 -0.446187292811918 0.171104384519381 -0.621946102040465 0.157454333727245 0.747739572675825
0 -0.452201601253205  -0.20675538088668 -0.455719305354448 0.175253292854861 -0.614467152525783 0.155259815613575 0.753399489956041
0 -0.448251166125245 -0.209216658418483  -0.46504698712192 0.165650199453523 -0.604559772423888 0.160057036374505 0.76252818839358
0  -0.44717121426092 -0.207024599446464  -0.47819225428795 0.165855268821611 -0.602256050550709 0.164205992769393 0.763423913247281
0 -0.445641309661673 -0.204455260333478 -0.489740776062635 0.163255390085135 -0.591808534470406 0.161331040502014 0.772711221289479
0 -0.440948686426388 -0.201379256479126  -0.49811701645054 0.152539588603346 -0.582568900219245 0.163075757761965 0.781505884582082
0 -0.450285178792168 -0.200947633672481 -0.509153487788597 0.143940251010787 -0.571023911967539 0.158814492520826 0.792458739030363
0 -0.453948987144867 -0.199082011560094  -0.51768471947831 0.130267384123668 -0.559214111376229 0.1559166135055 0.803741249348475
0 -0.458592984207133  -0.19721936437023 -0.526487864089564 0.118009379211791 -0.550910613365571 0.155613037321891 0.81139131441905
0 -0.462347159579179 -0.195559217502577 -0.536150521709321 0.104768643421286 -0.540553992817469 0.157501847900264 0.819767088942193
0  -0.46399485779764 -0.192447586356449 -0.544385841162334 0.089250868133954 -0.526055466258138 0.157531892127929 0.83095344750465
0 -0.462416079137115 -0.188747774837873 -0.547765442562557 0.0636791042669169 -0.511390042533478 0.155213339074516 0.84281315571763
0 -0.461525139020983 -0.184657600912336 -0.548530004474197 0.0496042332071137 -0.502806630061779 0.14757352844269 0.850262880829703
0 -0.476209861333853 -0.189184580537516 -0.549062370734951 0.0301246924953517 -0.498493425534252 0.1459213292272 0.853992841467512
0 -0.489935804438938 -0.192683397404971  -0.55020561562972 0.0207769350907569 -0.49220952463181 0.138906168456202 0.859071114166214
0 -0.496559563567108 -0.194277480703327 -0.555337685598934 0.0161981029991684 -0.488179193658132 0.130754212813101 0.862740999472119
0 -0.502734782382065 -0.196643328701522 -0.562731121609066 0.00651594604237498 -0.481041379944489 0.133967418779152 0.866377206494912
0 -0.506799298639536 -0.200411932460347 -0.571513223472092 -0.0049388096701096 -0.470716298447831 0.137664572718828 0.871464422654624
0 -0.510688914502046 -0.202735377791258 -0.580867127742079 -0.0178025981059877 -0.45637337674713 0.142195655529888 0.878172422731165
0 -0.513126804308434 -0.203506858674535 -0.589326637439751 -0.0314593794149608 -0.441126536919986 0.142066563128283 0.885570312009568
0  -0.51424592267751 -0.203499784446668 -0.599810854115273 -0.0479057227502845 -0.428835446311197 0.140893232349807 0.891041131930997
0  -0.51610953896122 -0.203408836881862  -0.60890043417423 -0.0665600229879102 -0.415767487624922 0.14117435914504 0.895978213961643
0 -0.520248519260008 -0.200791234673541 -0.613590870527483 -0.088399338651738 -0.403129739901324 0.137627363180288 0.900405841072273
0 -0.528240574328333 -0.201254600405221 -0.616271133836785 -0.103744633535532 -0.400198326676292 0.127423663409149 0.901577262546847
0 -0.534808503528715 -0.199907175403127 -0.616635764219379 -0.121853059774183 -0.386839304190525 0.128088510726744 0.90504172167744
0 -0.539767366575254  -0.19759651587033 -0.620333571603174 -0.134123779217624 -0.384188396969472 0.125823679310712 0.904753275322684
0 -0.542799675768649 -0.195916706178162 -0.627415610338663 -0.149129120962463 -0.378481180716675 0.122122531495083 0.905316844218369
0 -0.546213757119999 -0.192440116992674 -0.641081396100462 -0.184985654935754 -0.349650440732772 0.116976765190929 0.910956263038372
0 -0.545318780946735 -0.190861975749372 -0.644895763738761 -0.193214400127752 -0.338219317235778 0.115848030413367 0.913704067453561
0 -0.543984306023218 -0.190086224887609 -0.647971999382339 -0.197609515839686 -0.332634151754098 0.111936506206992 0.915300616690827
0 -0.543751911018387 -0.188386494435484 -0.652529959570797 -0.203724692693441 -0.324770155848985 0.11418375146579 0.916505682665409
0 -0.543379559212729 -0.185611167051002 -0.658544195178304 -0.205501884619984 -0.317759903147102 0.107885899768823 0.919324889253332
0 -0.546752881416399 -0.180462192036295 -0.666401909371104 -0.21085226045098 -0.314410251269011 0.108522939750244 0.919190018281114
0 -0.549303592758712 -0.175897578142985 -0.670159850383305 -0.217039202163313 -0.312753678728958 0.111383364937942 0.917972149458205
0 -0.551953430939723 -0.170086242935217 -0.670707322898298 -0.218811236268512 -0.310403774786307 0.111188220211453 0.918372647222938
0 -0.552864224488149 -0.161103107641635  -0.67405543306755 -0.217761240539675 -0.318055886811611 0.102072643267806 0.917061432227648
0 -0.552994430565905 -0.154016114232675 -0.675791504642814 -0.215367263978935 -0.323406118085643 0.100886344164731 0.915886111889507
0 -0.549662108288803 -0.146921785483357 -0.677212461206006 -0.212172613964884 -0.32712143513846 0.0978528816275688 0.915641393840101
0 -0.541948706067871 -0.129393776066893 -0.674529103594532 -0.201141348497627 -0.348315231344659 0.102302351078833 0.909809258307265
0 -0.535637681093732 -0.123345660925752 -0.669369387963886 -0.19231732068778 -0.356166181224621 0.0992270110606363 0.909017986505942
0 -0.531447489303511 -0.119153825372876  -0.66511595159047 -0.186530105184109 -0.372200191063429 0.0989185836827277 0.903818926242727
