0  0.000257722939464722 -2.63103567493704e-05 -4.07059002973227e-05 -7.76289194080684e-05 -7.37647878600647e-06 -5.04388598283006e-05 0.99999999568763
0  -0.0751772190279681 -0.00311149529054391   0.0784469218825066 0.000334641434632027 0.0072186588872153 -0.00335915748278929 0.999968247015867
0   -0.109807750706523 -0.00905113003246335    0.107850741083879 -0.00417049900103085 0.0132978061895991 0.00927276607716677 0.999859885732948
0   -0.146796426631018 -0.00902201956066946    0.111992946080731 -0.00660522727077994 0.0160546314932688 0.00527389152798024 0.999835389375905
0  -0.174143230750489 -0.0110230751133099   0.102520121523076 -0.00663155366603886 0.0329758461242153 0.0147725862500752 0.999324965546168
0   -0.18983996465222 -0.0332819455268587   0.101048690006056 0.002053909969553 0.0486431594996095 0.0164178162947219 0.998679167598807
0   -0.20230436242188 -0.0579279996277569   0.103154695981778 0.0182604658301596 0.0616278594853829 0.0152973650252531 0.997814889118317
0  -0.204003999457076 -0.0771627189607242   0.107874652146098 0.0282858242004362 0.0666519325295977 0.00606083837457824 0.997356856033772
0  -0.212880499508911 -0.0973959795169571   0.113948770124772 0.0460896912101723 0.0759061218031852 0.00635586917993246 0.996028917232787
0  -0.21628064556387 -0.116567031247146  0.112743519175825 0.061433426201705 0.0878570903103056 0.00699140163957602 0.994212344587634
0 -0.219444888312543 -0.133247735297055  0.107817878201756 0.0763828724005932 0.108105658401272 -0.00463423386580735 0.991189864406381
0 -0.222925628668566 -0.146573544115419 0.0928634133869044 0.0952923717437659 0.115701184494101 -0.00704919012823447 0.988677353190942
0 -0.210545404514062 -0.157647170130539 0.0720110503181573 0.110231193739767 0.101471295885876 -0.00620823108238065 0.988693136369811
0 -0.187546676337163 -0.174274751266661  0.067067345961201 0.111153891509191 0.0651727526966452 -0.0271373119972519 0.991292535534223
0 -0.141163580229075 -0.181077854707527 0.0647944483249298 0.108936262013124 0.0492041981257983 -0.0370259526850262 0.992139565047767
0 -0.0952590617352378  -0.181579626998733  0.0521346893280241 0.108862015550759 0.0297096841597964 -0.0401037749914715 0.992803144368905
0 -0.0453851595406792  -0.181668242333794  0.0350211571997028 0.109379986410923 0.000385441802624412 -0.0423214597475664 0.993098567138327
0 -0.00970924137416381    -0.17944779773556   0.0203012957655305 0.107053594048186 -0.0281144681313918 -0.048717941030757 0.992660902274679
0  0.0438317299482567  -0.180011703626857 0.00280407242313803 0.105381488928353 -0.0544900809472184 -0.0522090718623371 0.991564312430052
0  0.0898146557008633  -0.179613476934266 -0.0128702369954655 0.103731858128583 -0.0810988793908253 -0.0583036496984875 0.989577363222593
0   0.136934893088572  -0.180795848951333 -0.0268089195791463 0.0977820162247629 -0.0951340388430484 -0.0628185959017092 0.988656672442647
0    0.18456519847929  -0.178333349169218 -0.0442036216184818 0.0871091425092824 -0.114038625263119 -0.0680728052615437 0.987306073324387
0   0.221249118659538   -0.17792998587758 -0.0469750593140925 0.0775513175481015 -0.13808420783417 -0.0712274108753444 0.984807189572333
0   0.248252790204243  -0.161002319143605 -0.0465606803927086 0.0656457330227193 -0.154647863056157 -0.0793220286907265 0.982589788239457
0   0.272549162235458  -0.145944560243235 -0.0456503578330179 0.0530908989020642 -0.166419426921059 -0.0817244189637089 0.98122731828159
0   0.300178240841457  -0.126257855070869 -0.0442141235255074 0.0387901312313352 -0.175896167838926 -0.0875454521917495 0.979740607333991
0   0.297983416411895  -0.106400754617734 -0.0363509362775221 0.0216256218621775 -0.173749109918274 -0.0924493709900673 0.980202373535803
0   0.299388026833629 -0.0781460550999367 -0.0187399429878137 0.0114935028308458 -0.181553070600506 -0.0906717297686332 0.9791246189168
0   0.298937174680878 -0.0540045722794142 -0.0132105066107323 0.000367001565572498 -0.18407643842241 -0.0887442115726596 0.978897438468361
0      0.2992323704222  -0.0289319887081311 -0.00227494486828778 -0.00824391437207623 -0.189935523059752 -0.0905712950751804 0.977575253095254
0    0.285469980652578  0.00255115486670719 -0.00972404965286042 -0.0168513109417111 -0.179843805901509 -0.0820491912544239 0.98012252755097
0   0.283222361944549   0.025833305382204 -0.0102414044305848 -0.0160784505113492 -0.173015078762441 -0.0800431129748173 0.981529605266841
0    0.282003210643762   0.0510154468779497 -0.00625750610840995 -0.0216366970191605 -0.169573326358792 -0.0778736281219616 0.982197759299439
0  0.280791504662167 0.0827789588982491 0.0215479226354122 -0.0313536711686555 -0.165282118121919 -0.0722645774062781 0.983095417335302
0 0.293142487578503 0.103138369026782 0.065372665612325 -0.0515566422862143 -0.153128948315895 -0.0633971368222861 0.984821933583212
0   0.30029004108363  0.118545255703689 0.0904911768398416 -0.0693433520386605 -0.142500907549463 -0.0570058612513086 0.985715639856961
0  0.320073818321714  0.133512220390411 0.0963407528397383 -0.0808803431822125 -0.123514957283589 -0.0551186493182615 0.987504106275661
0 0.357581172416402 0.134582867905107 0.114288779684243 -0.086185219077407 -0.106148984056342 -0.0535144039709607 0.989161619637569
0 0.398048536736984 0.133930722070788 0.131301797807698 -0.0872785142778781 -0.0946116591519559 -0.0491660786139746 0.990461403393229
0 0.425129911308574 0.130277177061236 0.143512874758669 -0.0880847159989419 -0.0725357351563362 -0.0417787193018558 0.992589637537191
0  0.45381776878699 0.129823154505475  0.15918783222621 -0.0881973930265337 -0.0501230143774937 -0.0337152632236618 0.994269673840451
0 0.480678965458473 0.130111683329485 0.172995635408233 -0.088809146113762 -0.0217371374743332 -0.0256866021595453 0.995480100700393
0 0.513731732639412 0.131216487331054 0.188137032990709 -0.0897787808713225 0.00700685625580845 -0.0187536587832858 0.995760500699295
0 0.541786965562321 0.136261175864495 0.199151164987231 -0.0923601993532289 0.0365662583153096 -0.0217557558480221 0.994816158602046
0 0.582286331980996 0.129593361240079 0.202009918918544 -0.0935896255344415 0.048420743295389 -0.018990972064162 0.994251354834935
0 0.621529813139438 0.127690659690569 0.204619522808913 -0.0957625961835868 0.0430482303928762 -0.0214841370407216 0.994240819363114
0 0.654111073432995 0.125038561683616 0.202501762732561 -0.0978824970902479 0.0340314513922691 -0.031135826132543 0.994128481339589
0 0.690756473364663 0.121642010528847 0.196340731600917 -0.0976704509586984 0.0227699986438769 -0.0318326357107006 0.994448939601724
0 0.722878079589814 0.120995523334605 0.192085135748789 -0.0993387657823412 0.00388668424585782 -0.0355522527591226 0.994410750455849
0 0.762459340194638 0.115662507304528 0.184504674049982 -0.10177883405919 0.00128146767965148 -0.0377651006502855 0.994089142859438
0 0.798645209296276 0.111291005503763 0.176290929405864 -0.0992969865832088 -0.00181916544084948 -0.0447949350046665 0.994047389660332
0 0.838355515475302  0.11001322750322 0.166798327377862 -0.0957941568919452 -0.00581862772576527 -0.0449467294562235 0.994368852382223
0 0.873383088639221 0.111083500171844 0.167180893787475 -0.0970347128145359 -0.00542767846643409 -0.0374533096378015 0.994561237135573
0 0.910024499424368 0.114325800217388 0.164453787566036 -0.103357140990897 -0.0047842320547558 -0.0411733264077114 0.993780242167431
0 0.949621351209612 0.117424353153053 0.160276499487436 -0.107521715911713 0.00374664654397541 -0.0385313143477376 0.99344873096789
0 0.968332672014799 0.131715913112931 0.163736062212439 -0.111624140513648 0.0164760879472509 -0.0300755274872417 0.993158624000672
0 0.971611863462418 0.150810404089222 0.162753535552024 -0.0965281061683658 0.0301050897466419 -0.032020843528842 0.994359428914212
0 0.968050763488514 0.163870402742788 0.149755506225104 -0.0768594789982115 0.0248366323725281 -0.0334788689084128 0.996170129805712
0 0.964118966061582 0.184113007510603 0.129409281998953 -0.0737847892335209 0.0196599961747074 -0.0334605230722177 0.996518781972477
0  0.952970769416856  0.200652300437751 0.0889889209902751 -0.0702917270493062 0.018841014040383 -0.0267991339242082 0.9969884130316
0  0.934376099535131  0.216472175592621 0.0421642616897172 -0.0642872798747984 0.0198788319418225 -0.0222092800163513 0.997486203196858
0   0.902721066490835   0.228402399495507 -0.0167931287652103 -0.0579627621112315 0.0232343164537748 -0.0200886404254268 0.997846146093285
0   0.869560082593269   0.236023325620245 -0.0763609902819491 -0.0542396587184617 0.0314747581187937 -0.0218770188164405 0.997791959814857
0  0.83411255649597  0.24978142022554 -0.12110526080857 -0.0514321638951293 0.0450292077056583 -0.0140200088993059 0.997562299969746
0  0.796471269924383  0.262575361167338 -0.167933854651768 -0.0550512948272789 0.05697137719917 -0.00905893703864669 0.996815706526337
0   0.75855317878993  0.278858436993814 -0.215338863382984 -0.0591284603220917 0.0585315966732131 -0.0150590994039341 0.996419139165826
0  0.707264356301342  0.289867169502232 -0.268793908714764 -0.0589878036165961 0.0595993781647041 -0.00892438017172424 0.996438010407783
0  0.660530704555821  0.305191461585855 -0.329817347048305 -0.0569744569535599 0.0601163974098054 -0.00510619594698541 0.996550980522454
0  0.629180748568101  0.318334949143056 -0.392177941028723 -0.0493991766065031 0.0378756496635145 -0.0110660283338461 0.997999348461752
0  0.581704312798529  0.333398488941641 -0.477047928162206 -0.0461134515488241 0.0177333409367137 -0.0188604407355723 0.998600701972884
0  0.545056644582565   0.34630093616098 -0.590053554621649 -0.0336234110172809 0.000118505793813159 -0.0262508490583625 0.999089758285838
0  0.56123068595212 0.364703670943364 -0.71111867145126 -0.028192232410219 -0.0114125218647921 -0.0309735770115382 0.999057350657871
0  0.590468050962489  0.380134787098495 -0.837178883620591 -0.022718363993567 -0.0226568704558635 -0.0388768308760937 0.998728759063057
0  0.644494956376634  0.388577977711679 -0.946003971190268 -0.0125890230534504 -0.0283586663997116 -0.0354743220886854 0.998888820145134
0 0.689675479330528  0.41384959591661 -1.08344480133749 -0.0102822950410436 -0.0387250198878988 -0.0441688387920636 0.998220296789808
0 0.764088958969748 0.433110103627947 -1.18716269147351 -0.0065064796438919 -0.0332516865242623 -0.0462022325416482 0.998357323193506
0 0.860857564302131 0.433793370102869 -1.21812306890627 -0.0038767640005631 -0.0273295947180123 -0.0486235934069846 0.998435681512648
0 0.979249294870682 0.437383728128108 -1.26642820156629 -0.00373728965695637 -0.0380076954294716 -0.0503365703054211 0.998001842405137
0  1.09362078549716 0.429379210060187   -1.291005307545 -0.00264632065109146 -0.0420578182301455 -0.0535674172170665 0.997674630691502
0  1.19808233039812 0.420453201662901 -1.30481383281368 0.00440452458086377 -0.034020141564728 -0.0471725595627839 0.99829754069387
0    1.313057069857 0.411088766044733  -1.3333674206029 0.00955028604434706 -0.0372191883145116 -0.0461428518217675 0.998195552626556
0  1.41006389410729 0.392711105535119  -1.3466933513411 0.0241045326720508 -0.0293015094373734 -0.0445223684054806 0.998287609740259
0  1.48558379383056 0.392635221597778 -1.35905533145348 0.032300321210209 -0.00132773825195614 -0.0351665618204978 0.998858468097747
0  1.58059166102311 0.380566612504494 -1.36394290910504 0.0270137415904395 0.0231440900400813 -0.0346823073979277 0.998765110731776
0  1.62521066196035 0.377168676778182 -1.34872551100138 0.0314372215196061 0.062272108774343 -0.0177934928112867 0.997405272286796
0  1.68108407679401    0.381935156013 -1.29713858267379 0.0265471134100873 0.095813601985522 -0.0111389035698689 0.994982878883558
0   1.7400848413355 0.374985093022976 -1.26882585589701 0.0304110352637514 0.113794236660683 -0.0025656648551479 0.993035476708083
0   1.9316660378659 0.353902651083905 -1.12825238375747 0.0303208339639776 0.164711208508385 -0.00348637030045785 0.985869519785232
0  1.99539250496332 0.343107662792142 -1.07297049544621 0.0263178963629129 0.17503486146141 0.00419094622949031 0.984201504557841
0   2.20787643973473  0.307444941472325 -0.829518263890268 0.00808621104961468 0.171564804168061 -0.000892578756801658 0.98513924623111
0   2.23015633528981  0.321695021524581 -0.770602890618317 -0.0126847632470728 0.16270823385784 -0.00807094263905495 0.986559672448223
0  2.27240899974754 0.308432075294532 -0.62585634051538 -0.015793737297645 0.138069450697819 -0.0207149197023922 0.99007993452443
0   2.27964332914509  0.271822510888462 -0.566231375572896 -0.00714050783285506 0.143431389675187 -0.018413483864123 0.989463184366007
0   2.27987794762594  0.206759080252955 -0.459976584576434 -0.00768551792964996 0.167941557491761 -0.0130191421797033 0.985681017377478
0   2.32993267163699  0.172922631209126 -0.457341053097577 -0.00548879820053903 0.17894318355625 -0.006523626701063 0.983822469985177
0   2.36174968768102  0.143582055318354 -0.461927136845059 -0.00223576881873688 0.188911666039358 -0.00562721369048414 0.981975416310462
0   2.40206374566091  0.115261085206345 -0.473682648647853 -0.0107351655875273 0.19728675349237 -0.0120331195266652 0.980213189643307
