0 -0.000103389305859518  3.91990663013178e-06 -1.55092237420646e-06 3.06641070644561e-05 -0.000132914584923556 1.59475239435948e-05 0.999999990569551
0  0.0121957676275806 0.00614116259019672 0.00503248538973401 -0.000855389069376916 -0.00752786885874854 -0.00401324517073253 0.999963246006165
0    0.0245400580613342    0.0133785235762528 -0.000738853065163616 -0.00193250835378229 -0.0178453052728397 -0.00836261829614611 0.999803919329393
0  0.0488790015902487  0.0257852140639305 -0.0202550064142694 -0.00295540109937238 -0.0333745228609653 -0.00899818160194917 0.999398038599238
0   0.095147234476756   0.034688554315016 -0.0514153836561169 -0.0085236111754754 -0.0367656732195056 -0.00606406624429979 0.999269163151666
0  0.132819791768413  0.047014938710609 -0.100885725370514 -0.0154595762745099 -0.0389152301344556 -0.00740225107740189 0.999095497459568
0  0.177567055105478 0.0524992714912205 -0.145341480332011 -0.0149120800692124 -0.04369899799322 -0.00767775900721865 0.998903939054715
0  0.217386630038355 0.0515474002697759   -0.1464731149989 -0.012997623744061 -0.0499359249322548 -0.0184468044065428 0.998497461481678
0  0.255984688719311 0.0499024534996713 -0.140465914839567 -0.0143492285441349 -0.059497205247261 -0.0195315207865156 0.997934217222618
0  0.288130869199362 0.0528396632714882 -0.135675455728472 -0.0177463072093149 -0.0689380664247128 -0.0216579067895431 0.997227931142901
0 0.322506406598355 0.056093757104147 -0.13445211634145 -0.0201306920657708 -0.0815879997769251 -0.0243704040179593 0.996164763950901
0  0.352719499275741 0.0596236975869032 -0.133922182550561 -0.0220138782427163 -0.100361290950951 -0.0267989114493382 0.994346427955823
0  0.392697972624511 0.0647796283301179 -0.133854320682984 -0.0238784562616658 -0.115186085952497 -0.0314273178839676 0.992559473593459
0  0.429466936651413 0.0850484064593339 -0.162426568360708 -0.0354939444913758 -0.117876272883968 -0.0253039560430266 0.992071103300565
0  0.460024237190406  0.100920879884755 -0.188836302251464 -0.0464196735922553 -0.134996798989231 -0.02707658671807 0.989387657401258
0  0.506747655943899  0.105670561732451 -0.204763587657422 -0.0507800138260554 -0.149865163359191 -0.0346243807724348 0.986794292273356
0  0.55009274658202 0.109412417681657 -0.21405526142634 -0.0576647427286197 -0.157037016938692 -0.0316668074333259 0.985399089741826
0  0.588535405037875  0.115445278863714 -0.199450135850689 -0.0626460584783719 -0.169319642634076 -0.0326210970780634 0.98302705659652
0   0.62506008372395  0.123152334889437 -0.176722754400208 -0.0665552356898859 -0.180628089343401 -0.0460097381776267 0.980217831879854
0  0.662224890022374  0.130563152240345 -0.157751958477249 -0.0784657793325966 -0.18475573216551 -0.0497310197837333 0.978384007727531
0 0.698771830549322 0.141236984512805 -0.15696393046722 -0.090117462697216 -0.182134594465687 -0.0506993332753805 0.97782176802384
0 0.731239132985018 0.149845435186152  -0.1454463990522 -0.0977221407683243 -0.173978028811439 -0.053266581557966 0.97843993171971
0  0.752372997922332  0.153454977714424 -0.129582119061199 -0.0998625930245512 -0.16844539914075 -0.0534125547653366 0.979183695236071
0   0.78864690703463  0.153551249125495 -0.107649620926173 -0.103927112113544 -0.167471071692872 -0.0495107643197459 0.979132922401374
0   0.829725514807098   0.153563461378517 -0.0847762715317039 -0.107037477124233 -0.168473817596262 -0.0525060900030444 0.978469550772027
0   0.863092958048577   0.150233496945207 -0.0666183905386857 -0.11792104356831 -0.165612585973773 -0.0452362722229393 0.978069925172128
0   0.902956801190864   0.151583012298931 -0.0630244101938605 -0.124250260228446 -0.157977514463815 -0.0510308870001029 0.978264190456229
0   0.938493477434272   0.159690743337092 -0.0529398739657273 -0.129104379064364 -0.147106413403676 -0.0579429172586285 0.978945545360656
0   0.974414300873481   0.155518951670946 -0.0389561822274391 -0.131481617076606 -0.137996648543628 -0.0518165709200979 0.98029819562199
0    1.01439720598482    0.16182987793661 -0.0210867242982317 -0.136856415116083 -0.138210492444903 -0.0498999930927342 0.979631651238902
0    1.06001369655147   0.161088569940845 -0.0236816793393226 -0.141714794081129 -0.139408017850011 -0.0508464670750865 0.978722104830404
0     1.0924907042959   0.154856218486628 -0.0196995816002533 -0.145700010872707 -0.127083923114847 -0.0391982809702778 0.980349263317114
0    1.11886232780418   0.158665588386222 0.00218466954544989 -0.144856438098826 -0.12192008070565 -0.0385179109242 0.981156703488329
0   1.15400653050218  0.159476853865596 0.0125025607934993 -0.148660414476725 -0.132813926574874 -0.0478372857635547 0.978760510117847
0   1.19488738500508  0.151692230452715 0.0184742985946717 -0.150257220232789 -0.136871798570868 -0.0481590951126633 0.97794150135978
0   1.23320786831066   0.14647472643887 0.0245215268944456 -0.149230178576497 -0.130668450100968 -0.045564458817145 0.97907098314828
0   1.26266346554458  0.141388834259795 0.0325295796272246 -0.146966021201452 -0.117574832145452 -0.0483839066448087 0.980936361358865
0   1.29463116992765   0.13515648387581 0.0377798292230095 -0.14553189704968 -0.102507919694153 -0.0468326052397952 0.982913679031659
0   1.31159111362249   0.13591847597309 0.0465132775255271 -0.144767277812551 -0.0865625083660888 -0.0470582547757166 0.98454806285807
0   1.32033421314262  0.135093947163954 0.0472827024901765 -0.1452664420463 -0.0758424385953839 -0.0461394774089861 0.985401813448473
0   1.32756130679444  0.135344615314614 0.0524677303940591 -0.145406224489012 -0.0651318151178496 -0.0441804406804145 0.986236769341211
0   1.35066881738699  0.135960179280947 0.0518935940831633 -0.145157030026337 -0.0435397147130007 -0.0418480491668577 0.987563907125798
0   1.37062266695465  0.136375904094615 0.0616798562888272 -0.143021098880831 -0.0191633625988775 -0.0365722585209731 0.988858028594347
0   1.40563661580663  0.133052801413769 0.0667808401814951 -0.142848350752379 -0.00209738948517076 -0.0318232081535926 0.989230626834555
0   1.44018336831741  0.128316807704399 0.0465162754105789 -0.152262569249879 0.012680412557592 -0.0371108176608096 0.987561696480448
0   1.47187926081659  0.114353445809671 0.0326914641348484 -0.15104792780562 0.0341701694986674 -0.0365469248950501 0.987259461997086
0   1.47467418358746  0.106937189153817 0.0378850742589204 -0.137829029588223 0.0628684412644358 -0.0313333398441759 0.987962013191782
0    1.4747345187478  0.097584365608712 0.0416322736423476 -0.122755852182083 0.0807867974853563 -0.0301973324015837 0.98868226201492
0   1.47831050871011 0.0839458869739656 0.0494133763657853 -0.102698561890248 0.0870392953465149 -0.0267626343420764 0.990535677224364
0   1.48955762804968 0.0622948491457329 0.0524380933731631 -0.0762946418606157 0.0869743699892462 -0.0187649882549667 0.99310747746864
0   1.50486212718216 0.0458325613588346   0.04827730223366 -0.0536536830713005 0.0921476778650831 -0.0176165368280206 0.994142718822174
0   1.51586430719054 0.0250083903464869 0.0342617415735365 -0.0272314536939313 0.105961792369944 -0.0154571972813272 0.993877065607045
0    1.52691293936172 0.00652538507526573  0.0221046082731398 -0.00307539886517749 0.12116072541414 -0.0100037250928691 0.992577727950414
0    1.55435002366878 -0.0137161317174254  0.0216451756254998 0.0162588013696868 0.140629716480159 -0.00552240973337325 0.989913348334827
0     1.5671555422786 -0.0213432692117212  0.0153971605215699 0.0359996227491079 0.166644015912974 -0.00395654687127731 0.985351787362855
0     1.57505832275412  -0.0371795556957962 -0.00494301731853455 0.0503259879792638 0.196504113762111 0.00316703097935238 0.979205493307331
0    1.58924746398435 -0.0408354674109086 -0.0430521924819533 0.0493479862350318 0.222709221884093 0.00989931703284774 0.973584810000964
0    1.56837272472238 -0.0429853891779611 -0.0793548085563875 0.0433541634538956 0.259502312108986 0.0129927639718967 0.964681374654696
0    1.57616455166635 -0.0439462562012089  -0.136939945184462 0.035159207909586 0.281279253713473 0.0194957029858721 0.958783463089893
0   1.57795592592663 -0.051998443318313  -0.19960936559504 0.0370657712149294 0.305936966833912 0.0211592383934269 0.951094625975417
0    1.63435323312722 -0.0625958602545124  -0.273616257933771 0.0325568188366859 0.3112140770948 0.0181249394592951 0.949609044994236
0   1.67057749988835 -0.064468794066889 -0.326718485980676 0.0337584749747602 0.3303865529651 0.0142519006361097 0.943134123184755
0    1.70148055958456 -0.0698668710504634  -0.367159029573646 0.0381970330326182 0.352510871283201 0.0229195899745395 0.934746898732519
0    1.72756622388084 -0.0656135229876788  -0.421993369664785 0.0401000182331677 0.371723846112178 0.025657998779309 0.927121911006266
0   1.76592589950556 -0.065874249411701 -0.491704382962362 0.0372554905931617 0.385539223868762 0.0299079293696152 0.921453770430268
0    1.79341376133439 -0.0473155804871459  -0.588175800410566 0.0335221091232995 0.392181644230764 0.0416581966765734 0.918332413006334
0      1.818873038202 -0.0295163855134615  -0.692556573975787 0.0330699424591803 0.407299270682116 0.0402884058167184 0.911806189584338
0    1.77961181689846 -0.0237830992531095   -0.79916699683683 0.0282708718116429 0.432936015847192 0.0421381634045003 0.899995299528984
0    1.78262447360867 -0.0277955370271807  -0.845127700266123 0.0333369801921922 0.450356664355792 0.0429964706642865 0.89118955566838
0    1.80276858427862 -0.0268132983346733  -0.907888192688312 0.0319601156238095 0.470840888579539 0.0434490738104461 0.880567763795585
0    1.83980660179401 -0.0339157802001024  -0.974223097039004 0.030179032334135 0.450230199218991 0.0484362048173249 0.891086936152414
0    1.96095644285232 -0.0264634029756485   -1.15740802138562 0.0217217298372062 0.430762859762399 0.0401458675530989 0.901310065638129
0     2.0200244422159 -0.0212107418120594    -1.2657409156072 0.0179474955519619 0.426796541216241 0.0390820338209937 0.903324523325743
0    2.05564082789478 -0.0206919410922252    -1.3394804204413 0.0174834248777566 0.448780740226419 0.0447116301948964 0.89235141462413
0    2.08125722474328 -0.0117538059944506   -1.37161284598907 0.0148852357705086 0.476263642579715 0.0559003177187427 0.877397587751244
0     2.08655427480373 -0.00336732677596686    -1.40364302600096 0.0085875278991507 0.504866214883652 0.0637840607404042 0.860794954114567
0   2.10239311935771 0.0114792804506432  -1.41941920600854 -0.00311256588077707 0.531265207579742 0.0705480925673914 0.844257400194984
0    2.1160355611179 0.0302470426677322     -1.44472540308 -0.0103479603329017 0.557902882095262 0.0787874385603198 0.826093114238252
0   2.13285103876714 0.0527720882975289  -1.46151096618196 -0.00960450840771324 0.583397981360796 0.0962894099710179 0.806401201815714
0  2.23811946997217 0.127268454559652 -1.47087963495617 -0.0210394759899243 0.62437150282811 0.106348126124298 0.773568124327836
0  2.29977244291889 0.158752466883508  -1.4671533371835 -0.0223138587120782 0.646212358518834 0.0925035795881402 0.757201932888635
0  2.40138506386471 0.204960466721736 -1.45988894442426 -0.00196992128255094 0.657973160683319 0.0899861455370274 0.747642918004265
0  2.46510860244904 0.233986868007792 -1.42911731839645 0.0202359994899581 0.656935970229889 0.0718721405321796 0.750239982111111
0  2.55826099482079 0.271288572824187 -1.42383505053342 0.0416930395291649 0.653617609369692 0.0472405945921258 0.754197611637196
0  2.67628561647287 0.477422209007464 -1.38833217937523 0.0418055762528054 0.653948143040623 0.0567625188204935 0.753247725827994
0  2.68684406673862 0.547327341351388 -1.37825535880413 0.0262475117573536 0.647239754809751 0.068277167659884 0.758768737031716
0  2.66808180795054 0.620229395346904 -1.37012802661131 0.0179941257570151 0.644963406038436 0.064841090386157 0.761245065210327
0  2.70074756751852 0.701257811695669 -1.34785375684087 0.0471639501863158 0.644920334181664 0.0450424397967217 0.761462082430237
0  2.69424616702214    0.737271592712 -1.32598857843921 0.0515666564303858 0.642069427494761 0.0363684819451228 0.764045197447211
0  2.60711172920384 0.737890675556949 -1.32948400500834 0.0542959299430534 0.644664280363105 0.0332130029095749 0.761811534471137
