0 -2.99819914178451e-05  1.01894419224292e-05 -1.76636623998923e-05 -2.76649560336586e-05 4.65995083260075e-05 -1.24686015307862e-05 0.999999998453835
0 -0.00146594027006145  -0.0064455958101103   0.0316069222156521 -0.00691102542146318 0.00107581554174012 0.00788227378318917 0.99994447351268
0 -0.0196173632436314 -0.0186038683667424  0.0854926497804328 -0.0122126346037561 0.00735845553454605 0.00563635365806668 0.999882461195126
0 -0.0470433503707098 -0.0240153617616307   0.103511474643837 -0.0120832239741228 0.0155004431470118 0.00420731564462121 0.999797994824807
0 -0.0677186161434846 -0.0288810708721862   0.124646669664273 -0.00820577458277842 0.0189428825001512 0.00502060141806271 0.999774287540684
0  -0.093299602530954 -0.0252072533513729   0.159499120820671 -0.0104021692236402 0.0184590209439318 0.00219515753735603 0.999773094609282
0  -0.124181755723113 -0.0268196537524782   0.184686325465088 -0.0111652049115436 0.0260735502831457 0.00268584299857786 0.999594064819466
0  -0.150135579733189 -0.0237340613800687   0.223341946479124 -0.0134154938397067 0.0332839772994115 0.00409758149625549 0.99934749272015
0  -0.176009717531683 -0.0322992087150756   0.240787496618748 -0.0173661060942573 0.037663955007825 0.012489281000844 0.999061490956574
0 -0.203242980074335 -0.034195909456751  0.250512059484655 -0.018596106604849 0.0405764915467013 0.0108352477522801 0.998944608353761
0  -0.236610349118615 -0.0335345605261891   0.252833610696709 -0.0194817670879017 0.0474264620692446 0.00985627858165638 0.998636092487773
0  -0.271419417064284 -0.0327622160057519   0.248414670831891 -0.020589433340017 0.0631751567297926 0.0144975600014056 0.997684717513959
0  -0.295774549552993 -0.0494453573510242   0.244249301056429 -0.019339423561353 0.0776455794691106 0.0240595137600191 0.99650303084479
0  -0.308089545725884 -0.0768024550256781   0.240338855040581 -0.0166082538991222 0.0872072284489225 0.0240132735193985 0.995762234624091
0 -0.321312375342816 -0.101565884973346  0.242447829601221 -0.0107327907998733 0.096345115731726 0.0277444490215639 0.994903347780465
0 -0.333374642004759 -0.131317138225179  0.246794761021349 -0.00438670660961576 0.106839797886861 0.0199053061421255 0.994067298114169
0 -0.332952685010417 -0.157167988575024  0.249607336721032 0.00135452012950448 0.108964246077801 0.0158665797554631 0.993918110308278
0  -0.34491427148846 -0.190767171368113  0.259925213304905 0.0107843443389309 0.118848891673499 0.016778622916883 0.992712000873452
0 -0.354610846063378 -0.218984824539071  0.263700682196907 0.0205701673442869 0.132333176736138 0.0192339250319022 0.990805154749519
0 -0.358476657111732 -0.242171323867027  0.262086191951504 0.0288890108502637 0.150283601744583 0.00518113071259223 0.988207174626509
0 -0.362507928523741 -0.250131271917457  0.252705681012508 0.0463944885769485 0.160402995757633 0.00907715219576493 0.985918878858537
0 -0.364465242136729 -0.276826151137745  0.232525375980719 0.0596627752287247 0.162263827768646 0.00775270578473685 0.98491151836238
0 -0.347611303645112  -0.29063204012678    0.2192157544114 0.0695166211869648 0.143110830421872 0.00842113146692036 0.987226323666224
0 -0.331407518883763 -0.301113839036208  0.215071734963577 0.0680083001085948 0.123492282521861 -0.00675458486660541 0.989989344820014
0 -0.308248239387192 -0.310938638407497  0.210493805551659 0.0657558545764458 0.104522560154503 -0.0126650653953393 0.992265487723019
0 -0.274671673670597 -0.326903676097273  0.205675638266148 0.0590527704250883 0.0954758549225185 -0.020749451010285 0.993461922629503
0 -0.248961096832155 -0.312500708915405  0.203910919965169 0.0650217406817759 0.0861475203222566 -0.0204429251052585 0.99394811976993
0 -0.221792235189869 -0.317110689679018  0.194225478341993 0.0621910006968482 0.0801006291203922 -0.0220475590373238 0.994600459374184
0 -0.195617696789441 -0.311053956101955  0.185517819990077 0.0655187881206017 0.0669856520868223 -0.0226845703640266 0.995341961883006
0 -0.169392086605826  -0.31651611978657  0.176504399401144 0.0634081603158736 0.0526374701321916 -0.0229973325908022 0.996333189569206
0 -0.137985032384326 -0.311310710945601   0.16079829521579 0.0660669450340587 0.0368772661911474 -0.0240220654748609 0.996844103349393
0  -0.11959910508853 -0.308490858583919  0.150093686195241 0.065143569488493 0.0206875698803331 -0.0305343739282209 0.997194059256049
0 -0.0923703193863869  -0.309209942642326   0.138316132374246 0.0634783170050172 0.0050893968476577 -0.0296575872775189 0.997529462635974
0 -0.0666996771186268  -0.310365796678091   0.127063723563812 0.0627039440135502 -0.00822921253553779 -0.0302672459394884 0.997539166794682
0 -0.0394202998196963  -0.307957275876897   0.116691338887444 0.0630083292510486 -0.017807223409846 -0.0316778559676634 0.997351175203958
0 -0.00621128405299146    -0.30740788080388    0.103669736702889 0.0627151128165715 -0.0335063336233608 -0.0354577232720214 0.996838447338329
0  0.018438986501558 -0.308005225762604  0.094635861213141 0.0614218378653968 -0.0473819560183669 -0.0369272636037421 0.996302506912359
0 0.0488244738717428 -0.310855350795392 0.0836493718621565 0.0586763198086958 -0.0561092175389539 -0.0381292543698939 0.995969379630754
0 0.0763690568335003  -0.31630263846561 0.0728068511759257 0.0512593562672216 -0.0635941688969249 -0.0404360182527775 0.995837932851144
0  0.102815674546263 -0.314787842780518 0.0577488737704021 0.046462449443357 -0.0734073233870372 -0.0419166403390783 0.99533692834515
0  0.129812860229339 -0.314110094044543 0.0489661425933901 0.0406597909710183 -0.083696556009972 -0.0450491264321134 0.99464176672708
0  0.154076233533014 -0.312149218208828 0.0462906688843504 0.0350364261617322 -0.0991294337891203 -0.0451005359785304 0.993434318841921
0  0.175714013655922 -0.297043419231807 0.0406710630316452 0.0270142301642948 -0.112358359013136 -0.0497824210978018 0.992052186670715
0  0.197226855978254 -0.280586645628725 0.0392138221245474 0.019249552168425 -0.123664883078323 -0.0526436840683653 0.990739670126441
0  0.219605430776601 -0.265260304455456 0.0365407359077884 0.0106713969890087 -0.134014335890823 -0.0550139932815588 0.989393622177372
0  0.241124290318738 -0.246022593924792 0.0329481536012801 -0.0012378996995837 -0.140786271215866 -0.0588954322964761 0.988285900686678
0  0.244378676518744 -0.221760056103169 0.0390304794290743 -0.0182329301409544 -0.141170531814506 -0.0629827403005557 0.987811528394925
0  0.242697400801151 -0.205986087944731 0.0513296631494931 -0.0272451608803182 -0.143703317310059 -0.0616583206157227 0.987322292517261
0  0.244909071656274 -0.182792823400514 0.0592256333031971 -0.0362471364834604 -0.151097269706848 -0.0601610817061768 0.986020488849916
0   0.25175097184736 -0.152647759243633 0.0680779442173328 -0.0482339187630545 -0.157022646085148 -0.0569879094939617 0.984768884494573
0  0.235467252556339 -0.127290263273699 0.0701593292611253 -0.058755884171444 -0.156098127357094 -0.0600217815081788 0.984163861587807
0  0.228600198969552 -0.093248098113858 0.0605640676697128 -0.0606862156107534 -0.147793037269082 -0.049443229597805 0.985915700461537
0   0.229045313398822 -0.0591453204343748   0.060733707617042 -0.0619855197106486 -0.142459181058261 -0.0466533257154221 0.986755615275688
0   0.228326163573271 -0.0301184322573336  0.0761167562419786 -0.0739795757521326 -0.140571515696832 -0.0402090884301896 0.986483603793719
0    0.234808864964102 -0.00439399887679982    0.115529794552304 -0.08922188670339 -0.131578964335851 -0.0346359441922941 0.986674608190208
0  0.242863533829767 0.0159108934034691  0.144740099335245 -0.104574339327842 -0.120896870574892 -0.0263290217228995 0.986790219273812
0  0.249133772912224 0.0307009663475805  0.162603032247018 -0.118295789902671 -0.113258130129728 -0.022641950192179 0.986238330294618
0  0.253686532374924 0.0401757037867522  0.168992321821463 -0.127871405550983 -0.103512989588277 -0.0214670935619149 0.986140521691973
0  0.276142237006586 0.0479867984897643  0.165499519671669 -0.13482570289486 -0.0874493984570297 -0.0203953110553032 0.986792107708289
0  0.299665863851282 0.0471419704478208  0.174665474306789 -0.138251912453753 -0.0794544464802974 -0.0196911905347521 0.987008437984556
0  0.327748145487147 0.0527870479822012  0.187228672574925 -0.137858171686201 -0.0744479163590451 -0.0197727218897637 0.987452111101194
0  0.342885671754365 0.0495484921462289  0.191432219619711 -0.140834187812585 -0.0618355426268126 -0.016887294583953 0.987955928416269
0  0.364569259728688 0.0506826709683789  0.198611909668824 -0.140788750061844 -0.0524820374532891 -0.0141817014994085 0.988545923537878
0  0.389032575431771 0.0512810482222493  0.208156223614167 -0.140744329881957 -0.0391849411041257 -0.00862777097096537 0.989232599323748
0  0.414733398995785 0.0541796986149286  0.218045770210624 -0.140318682375318 -0.0262990740072212 -0.00656908301106559 0.989735254111528
0  0.429614520157492 0.0558716176944538  0.226968125570559 -0.14130606261253 -0.00678003421951078 0.0015709731456603 0.989941493144065
0  0.449998288351033 0.0587048543798504  0.234241464500219 -0.141619097066687 0.0136051780891452 0.00430862732224098 0.989818350105602
0  0.473441104211693 0.0584045663090747  0.239624073024436 -0.143416792267279 0.0268373211375211 0.0128370514794604 0.989215139390436
0  0.481694338204467 0.0634257782465191  0.247214702454785 -0.142959752252561 0.0441993402681398 0.00721740194140302 0.988714739783404
0  0.497296748294041 0.0669662971236503  0.250824261797453 -0.143681622046028 0.0558439771715631 0.00679621903464878 0.98802371080188
0  0.513543500021274 0.0711038117996158  0.255027001216769 -0.146155624752128 0.0702072882273034 0.00348294969627715 0.986761034442735
0  0.525652032447973 0.0705017794655181  0.256711506076183 -0.146077142190679 0.0791108333731787 0.00452832255081762 0.986094538503931
0  0.548545084151155 0.0704989935959036  0.258118609271803 -0.14502839546361 0.0796225774130992 0.00468978370445079 0.986207389753368
0  0.561527629947571 0.0703556693216902  0.256701997918338 -0.144843260790056 0.0825805954663764 0.00544312468943007 0.985987447916929
0   0.58188222506254 0.0703660331985055  0.256958062751934 -0.146049217505185 0.0812226346059653 0.00517024997697765 0.985923819678257
0  0.609785755296229 0.0703773863528081  0.255679971075281 -0.147192231131981 0.0744306974173124 -3.55467158818158e-05 0.986303460965636
0  0.636202121459373 0.0689069674392484  0.250467876468238 -0.148553906351627 0.0667786199015225 -0.00544510164713854 0.986632000139754
0  0.661274224381599 0.0672118833391282  0.246462460981334 -0.148058430735275 0.0618310101524026 -0.00319067581824086 0.987038726119479
0  0.682923008549113 0.0659780278015079  0.238188595405312 -0.148170695112902 0.0540178415347615 -0.0073329618273959 0.987458224724734
0  0.702163815634638 0.0660423632549002  0.233252637847499 -0.149695176439428 0.0419947205336228 -0.0091595625457731 0.987797499496755
0 0.715611782203392 0.064515469923435 0.228483799834669 -0.151480752605998 0.0388481286730058 -0.00917860359951672 0.987653865341745
0  0.738012973397721 0.0618963555137014  0.223296272131555 -0.152288698570004 0.0405884445248171 -0.0116629198385548 0.987433393581435
0  0.761583428406721 0.0589194367480729  0.215525764071597 -0.151200385009254 0.0384513130668632 -0.0156613516608775 0.98763083293336
0  0.787835893666434 0.0563478346453415  0.205626595540814 -0.149196396434109 0.0375411158548679 -0.0188311844288001 0.987915222275908
0 0.814113843388628 0.054894891513358 0.196734709425472 -0.147612624598649 0.0338758437466476 -0.0190551670122096 0.988281255958894
0 0.841330156059135 0.055349102895899 0.192740591801707 -0.147166682933268 0.0322272043024026 -0.0189261428277664 0.988405370207454
0  0.873056590947735 0.0576830557700267  0.192212208820427 -0.148704737522244 0.0301986004445129 -0.011186462415348 0.988357126057309
0  0.886727211654217 0.0617008947067744  0.188334188072294 -0.152297123437882 0.0344479380019 -0.0134807665465289 0.987642240233417
0  0.909200840582845 0.0641059053014945   0.18563609685061 -0.155404633528555 0.0367240131109145 -0.0158229065714035 0.987041226275031
0  0.931362297600361 0.0665269453145664  0.182118235449395 -0.157922460055722 0.0411849275762521 -0.0150852846850308 0.986476929551046
0  0.954000802793699 0.0713410011097213  0.175882832041611 -0.160367338123614 0.0465925476539158 -0.0132464212136046 0.985868137070722
0  0.960920288648144 0.0775607941289929  0.177109316392742 -0.16380401720143 0.0523247881365724 -0.0123508468182169 0.985026810334627
0  0.965695213300256 0.0884204397092902  0.178791617698367 -0.163165572463027 0.0627762597207183 -0.00173512632558387 0.984597951711725
0  0.964259416604358 0.0972520758064437  0.180619790239439 -0.159563401880912 0.0712413747720715 -0.00669760428204311 0.984590945214131
0 0.961201706122426 0.109932053740562 0.167344634358048 -0.134838533386765 0.0669463151193647 -0.0113304590492804 0.988538507850745
0 0.955763293069646 0.120143897889877 0.154016500890273 -0.1304712967385 0.0642492903149272 -0.0077429948432057 0.989337816649228
0  0.94787893248723  0.13373126530463 0.132318019464972 -0.131343653108306 0.0617795844197876 -0.00831014477530492 0.989375090261978
0 0.932722186857932 0.141055305220836 0.090155457436852 -0.128299224965776 0.0620816552257692 -0.00193012083238084 0.989788589341776
0  0.912490314381044  0.149324845742925 0.0495489547121729 -0.124363718005995 0.0635058445414711 8.96549838697287e-05 0.990202335542986
0  0.887058410556445  0.151623614025453 0.0149262507919593 -0.119879968843768 0.0664098911443228 0.000928332672390031 0.990564312716073
0   0.858219787541426   0.153550867411533 -0.0257404967663069 -0.117116903014557 0.0704812320256073 0.0016188221824024 0.990612641941931
0   0.82871088080831  0.152577734144846 -0.068151783496327 -0.115339511953844 0.0769589994666598 0.000329614700019253 0.990340345910177
0  0.793863498026741  0.153454716082337 -0.107250467921357 -0.111582607048893 0.0834401966782054 0.00018783018364427 0.990245939200105
0  0.760942229578416  0.158796469418646 -0.139888023992107 -0.11218080007436 0.0967604023903073 0.00762474875678971 0.988936173789966
0  0.726297468825576  0.162471969940466 -0.172506031067304 -0.115024416525456 0.10619052152044 0.00986583414213476 0.987621193605562
0   0.70926444711314  0.171969840216897 -0.198720730817025 -0.118950647967471 0.105774061472159 0.0070666132590061 0.987224723274722
0  0.664953785511877  0.173773693666442 -0.238201532348823 -0.120145875569001 0.108065114158884 0.00689137882897525 0.986833019605354
0  0.617103916161055  0.176872649548369 -0.279819056892833 -0.119443125273048 0.109822354108154 0.013836167761672 0.986651382619424
0  0.572228002252915  0.177566574024316 -0.313283303168102 -0.119579756648531 0.11164889194259 0.0137347703868353 0.986431225585591
0  0.530184847575753  0.186541316553304 -0.375155170229865 -0.11640045921466 0.104359169566595 0.01328169147536 0.987615154548339
0  0.496932139786935  0.188133578458501 -0.424908302693966 -0.11017652922632 0.0843517360412494 0.00691524206730139 0.990302022850413
0  0.458937334774149  0.193078766080228 -0.472125340744024 -0.109475358160795 0.0774698685464036 0.0058778236898953 0.990948543876845
0  0.408698317409871  0.190621678909301 -0.551075003590791 -0.100471206450573 0.0653748564480696 0.0040228708407668 0.992781688655144
0  0.377345014692653  0.191822507362185 -0.647299854295166 -0.0933834313621282 0.0502263583309348 -0.0036072743145292 0.994355990200626
0  0.380480218422267  0.194658404070513 -0.753699898956979 -0.0888044226674527 0.0423612208015106 -0.00637933466904796 0.995127431827747
0  0.401588957050033  0.195019503224887 -0.846347920347773 -0.085838909560937 0.0299342858176299 -0.00702314316620406 0.99583447198721
0  0.425414484477849  0.194089071487892 -0.963085477814147 -0.0784654213628573 0.0306672054140955 -0.012920349440124 0.996361262159857
0 0.452408177962356 0.192166679554371 -1.06420476178039 -0.0722729595316548 0.0220225727906764 -0.0118538700176888 0.997071266948265
0 0.479735713058684 0.204504018505737 -1.19929409117199 -0.0711268481780032 0.0142001930489843 -0.0200114194470339 0.997165417108591
0 0.534882524008122  0.21044130365474 -1.29527083239204 -0.067781773900172 0.0175965596516322 -0.0188687532603806 0.997366513557464
0 0.594905332464945  0.21520878895171 -1.33266168349459 -0.0682352355402193 0.0276723680315422 -0.023278546288198 0.997013691962656
0   0.6593446401501 0.212957807837939 -1.37421895666587 -0.0654439588056041 0.0238546119786303 -0.0249305544920189 0.997259501431759
0 0.712348146582513 0.217060967311863 -1.41228718072715 -0.0661458299359382 0.014920962914779 -0.0289888726490151 0.997277162733771
0 0.786343113488964 0.216611194829664 -1.43859815735272 -0.0653051028867112 0.0162804239230403 -0.0260339056592694 0.997392814837748
0 0.864432770526141 0.212448824458862 -1.46484200312335 -0.0648376129650248 0.0148249517706512 -0.0247428477627314 0.997478870069229
0 0.938471536237242 0.205488511371431  -1.4769804770244 -0.0571805752956453 0.0197166361399953 -0.0210329679434548 0.997947518824348
0  1.01294894003698 0.200742577135788 -1.50441051201183 -0.0574774492522748 0.0208283644891079 -0.0249281605757195 0.997818174253442
0  1.09117826308362 0.195813205467559 -1.53447465530767 -0.0567721927824624 0.0134993965876892 -0.0232221630397415 0.99802575896727
0  1.13576281367026 0.191576382463071 -1.54582901622647 -0.0503199089210611 0.0191469243977183 -0.0223282533446031 0.99829993045921
0   1.2124514462119 0.184230859765055 -1.56767880365222 -0.0437505806144602 0.0189670411010477 -0.0274544595761277 0.998485047808505
0  1.24879263786047 0.168955258588959 -1.57127580325842 -0.032695660675494 0.0381656649761754 -0.0202388594744501 0.998531303644054
0  1.30637681173338 0.167331784534881 -1.59330112267378 -0.0304096462200878 0.0539414137108804 -0.0150752649609362 0.99796709048445
0 1.36472936977328 0.16781875582605 -1.6085657126987 -0.0344875805385431 0.0725664227565286 -0.0152678851202797 0.996650195786301
0   1.4093946181808 0.162701732160345 -1.60384115323281 -0.0334893748180575 0.0974776689020375 -0.0104331125706432 0.994619382478448
0  1.44260189715052 0.164559432834311 -1.60215381534147 -0.0304084808783761 0.124303525961272 -0.0017457607684073 0.991776643223465
0  1.48205214754771 0.172364491621367 -1.56937963678737 -0.0359785611016318 0.146954397214054 0.00596847160128701 0.988470700439449
0  1.56208386311251 0.175174820605411 -1.57149792670905 -0.0350903507082047 0.155229888898701 0.00509495651774198 0.987241809435639
0  1.72170513005133 0.173807486993069 -1.53506288871082 -0.0350842228950044 0.175932038507378 0.0150012973681835 0.983662531668134
0  1.80139098749653 0.181658765593446 -1.49170695373607 -0.0318011406091475 0.188395859105769 0.0108690680357145 0.981517983068977
0  1.89356124724031 0.179245340258501  -1.4500352880766 -0.0324476968722326 0.202564573730949 0.00967955345553765 0.978683322981335
0  1.99680718025024 0.190524667610064 -1.38772699261777 -0.0331991549083125 0.209023699938551 0.00991480540158872 0.977296580169613
0  2.19568251029473 0.192658042868693 -1.23328443816713 -0.0482163126134737 0.227070056582414 0.0196882430107097 0.972484832626592
0  2.27328974307603 0.176627305682748 -1.13982125494923 -0.0519787264760431 0.211896980152436 0.00924783150434816 0.975864928875238
0  2.33595007135445   0.1991159676479 -1.04983969992257 -0.0633981362599416 0.20529910712288 0.00868374867105563 0.976605112336779
0  2.35523344576837 0.216163997688292 -1.00420736402752 -0.0813237063746222 0.198016840383675 0.00465146261663428 0.976808143701457
0   2.36660671677435  0.225433870402774 -0.975164132178901 -0.0899906966398057 0.187286598627582 -0.000713061788954259 0.978174266700816
0    2.3998830107528  0.219579835023207 -0.849329176790618 -0.0781616299021266 0.177491068320669 -0.00547334295724178 0.980998329659283
0   2.44972247561106  0.159461924231246 -0.711921554665936 -0.0623906297181954 0.185461631277514 0.00418865503759739 0.980659904256428
0   2.44597457692014  0.126166950946957 -0.659186027904352 -0.0693536258694351 0.195483044988936 -0.000571171391377061 0.978251566553235
0   2.47684375600724   0.09381793797908 -0.644191873928164 -0.0711008869890048 0.212841267752823 0.00495975414653283 0.974483791270822
0   2.51501702223877 0.0649222665992735 -0.645741190522673 -0.0683085935482989 0.217665091943348 0.00456771763019081 0.973619525149531
0    2.5486081845025 0.0346784324266576  -0.64974468455399 -0.0671539679463653 0.226010023929319 0.00699241472309216 0.971782341786919
0    2.58459371800632 0.00688521973832851  -0.657308594215277 -0.0746542948234351 0.233149354534791 0.000632088924411238 0.969570892306498
0    2.61711782684753 -0.0150172701736551  -0.669495223496655 -0.089024325177625 0.241787960882614 0.00874465929172344 0.966197072254293
0    2.65297614364237 -0.0340025813102461    -0.6835754597152 -0.104240524829725 0.245837553776729 0.00823988486936824 0.963654458005377
