2, 837, 0, 0, 418, 0, 0.997203, 0.057129, -0.0481922, 0.101485, -0.052059, 0.993564, 0.100596, -0.035475, 0.053629, -0.0978061, 0.993759, 0.0646784, 965.652, 1228.15, 767.29, 373.726
4, 833, 0, 0, 482, 30, 0.994141, 0.0635337, -0.0874511, 0.169163, -0.0495037, 0.986805, 0.154162, -0.0799373, 0.0960917, -0.14893, 0.984168, 0.1101, 965.651, 1228.15, 767.291, 373.726
6, 831, 0, 0, 149, 354, 0.979816, 0.13152, -0.150544, 0.197672, -0.103142, 0.977713, 0.182862, -0.103773, 0.171239, -0.163643, 0.971544, 0.142466, 965.652, 1228.15, 767.291, 373.726
1, 845, 0, 0, 365, 0, 0.998925, 0.0292314, -0.0359697, 0.0712857, -0.0273508, 0.998288, 0.0517082, -0.0256311, 0.0374196, -0.0506688, 0.998014, 0.0268246, 965.652, 1228.15, 767.292, 373.726
7, 830, 0, 0, 155, 288, 0.97251, 0.154613, -0.174126, 0.214228, -0.12036, 0.973883, 0.192524, -0.113654, 0.199345, -0.166274, 0.96572, 0.156632, 965.653, 1228.15, 767.291, 373.726
8, 828, 0, 0, 215, 243, 0.952235, 0.203229, -0.227919, 0.241133, -0.156767, 0.965857, 0.206261, -0.125815, 0.262055, -0.160679, 0.951583, 0.164177, 965.653, 1228.15, 767.291, 373.726
9, 826, 0, 0, 252, 205, 0.929884, 0.25997, -0.260253, 0.268187, -0.207525, 0.954898, 0.212375, -0.124403, 0.303726, -0.143475, 0.941895, 0.161784, 965.652, 1228.15, 767.291, 373.726
10, 821, 0, 0, 181, 168, 0.938166, 0.248682, -0.240836, 0.253854, -0.205016, 0.95968, 0.192311, -0.111775, 0.278949, -0.131044, 0.951323, 0.145573, 965.651, 1228.15, 767.291, 373.726
11, 818, 0, 0, 278, 172, 0.901062, 0.329177, -0.282363, 0.276932, -0.271044, 0.935689, 0.225879, -0.121078, 0.338559, -0.126998, 0.932335, 0.164326, 965.651, 1228.15, 767.291, 373.726
13, 814, 0, 0, 296, 166, 0.836858, 0.425057, -0.344956, 0.332341, -0.34007, 0.897476, 0.280871, -0.149745, 0.428976, -0.11774, 0.89561, 0.198475, 965.651, 1228.15, 767.29, 373.726
3, 835, 0, 0, 409, 1, 0.99692, 0.055234, -0.0556699, 0.13814, -0.047908, 0.990964, 0.125282, -0.054566, 0.0620867, -0.122229, 0.990558, 0.0790099, 965.65, 1228.15, 767.29, 373.726
14, 813, 0, 0, 345, 40, 0.824845, 0.434676, -0.361507, 0.347468, -0.343276, 0.893131, 0.290652, -0.166996, 0.449212, -0.115646, 0.885909, 0.213224, 965.65, 1228.15, 767.29, 373.726
15, 811, 0, 0, 466, 32, 0.792449, 0.466258, -0.393227, 0.355087, -0.358418, 0.877618, 0.318313, -0.187713, 0.493519, -0.111307, 0.862583, 0.244081, 965.65, 1228.15, 767.291, 373.725
17, 807, 0, 0, 375, 38, 0.697756, 0.554121, -0.453968, 0.379732, -0.41274, 0.828959, 0.377454, -0.213953, 0.585476, -0.076, 0.807119, 0.298744, 965.65, 1228.15, 767.291, 373.726
18, 806, 0, 0, 391, 53, 0.668411, 0.574042, -0.472972, 0.386179, -0.419447, 0.816046, 0.39766, -0.223322, 0.61424, -0.0674137, 0.786234, 0.314558, 965.65, 1228.15, 767.291, 373.725
19, 805, 0, 0, 267, 28, 0.635855, 0.594898, -0.491716, 0.39172, -0.42636, 0.801807, 0.418716, -0.23333, 0.643354, -0.0565943, 0.763474, 0.330382, 965.65, 1228.15, 767.291, 373.725
20, 804, 0, 0, 340, 36, 0.610845, 0.614262, -0.499551, 0.399436, -0.442421, 0.788065, 0.428039, -0.245961, 0.656606, -0.0404538, 0.753148, 0.347179, 965.65, 1228.15, 767.29, 373.725
21, 799, 0, 0, 321, 7, 0.627416, 0.598941, -0.497613, 0.422912, -0.458435, 0.800673, 0.385694, -0.241872, 0.629434, -0.0138675, 0.77693, 0.327922, 965.65, 1228.15, 767.29, 373.725
22, 795, 0, 0, 345, 2, 0.593938, 0.613384, -0.520574, 0.438791, -0.466146, 0.789763, 0.398725, -0.256664, 0.655702, 0.00584536, 0.754997, 0.339859, 965.65, 1228.15, 767.29, 373.725
23, 793, 0, 0, 290, 2, 0.544441, 0.647444, -0.533292, 0.448054, -0.487272, 0.761625, 0.427193, -0.275863, 0.682752, 0.0272769, 0.730141, 0.360566, 965.65, 1228.15, 767.29, 373.725
12, 816, 0, 0, 411, 0, 0.865039, 0.389767, -0.315894, 0.30199, -0.317428, 0.91279, 0.25701, -0.128881, 0.388519, -0.12205, 0.913322, 0.182567, 965.65, 1228.15, 767.291, 373.725
25, 789, 0, 0, 213, 0, 0.440061, 0.709597, -0.550289, 0.457596, -0.52073, 0.700912, 0.487404, -0.315956, 0.731565, 0.0720641, 0.677953, 0.406983, 965.65, 1228.15, 767.291, 373.725
26, 786, 0, 0, 152, 0, 0.393754, 0.702599, -0.592715, 0.454841, -0.503007, 0.70439, 0.500818, -0.329465, 0.769377, 0.10094, 0.630769, 0.434446, 965.65, 1228.15, 767.291, 373.725
27, 785, 0, 0, 368, 0, 0.288867, 0.740174, -0.607205, 0.473386, -0.496556, 0.658098, 0.565984, -0.356837, 0.818528, 0.138018, 0.557641, 0.45987, 965.65, 1228.15, 767.291, 373.726
28, 784, 0, 0, 252, 0, 0.240465, 0.768563, -0.592864, 0.478745, -0.497557, 0.622036, 0.604573, -0.376095, 0.833435, 0.149605, 0.531982, 0.481001, 965.65, 1228.15, 767.291, 373.725
30, 781, 0, 0, 148, 0, 0.189752, 0.811249, -0.553055, 0.459162, -0.528828, 0.559047, 0.638598, -0.42305, 0.827245, 0.171295, 0.535091, 0.486078, 965.65, 1228.15, 767.29, 373.725
31, 779, 0, 0, 298, 0, 0.210617, 0.763432, -0.610583, 0.461405, -0.516454, 0.617211, 0.59357, -0.414737, 0.830009, 0.190322, 0.524273, 0.486186, 965.65, 1228.15, 767.291, 373.725
29, 783, 0, 0, 263, 0, 0.207653, 0.790905, -0.575629, 0.471307, -0.503922, 0.590856, 0.630041, -0.410286, 0.838417, 0.159242, 0.521248, 0.491628, 965.65, 1228.15, 767.291, 373.725
32, 777, 0, 0, 205, 0, 0.19471, 0.744033, -0.639143, 0.494465, -0.524099, 0.629714, 0.573393, -0.406934, 0.829101, 0.223328, 0.512559, 0.480275, 965.65, 1228.15, 767.291, 373.725
33, 775, 0, 0, 192, 0, 0.149615, 0.742807, -0.652574, 0.502686, -0.5255, 0.618807, 0.58389, -0.387167, 0.837535, 0.255569, 0.482928, 0.50451, 965.65, 1228.15, 767.291, 373.725
0, 852, 0, 0, 701, 0, 1, -6.00254e-05, -4.20945e-05, 8.07686e-06, 6.00278e-05, 1, 5.82207e-05, -4.50191e-06, 4.2091e-05, -5.82233e-05, 1, -2.56211e-06, 965.65, 1228.15, 767.291, 373.726
35, 772, 0, 0, 249, 0, 0.0115354, 0.789642, -0.613459, 0.454088, -0.520311, 0.528642, 0.670682, -0.384409, 0.853899, 0.311453, 0.416958, 0.555266, 965.65, 1228.15, 767.291, 373.726
36, 770, 0, 0, 304, 0, -0.0107163, 0.814312, -0.580329, 0.426191, -0.536427, 0.485102, 0.690595, -0.380012, 0.843879, 0.318705, 0.43162, 0.577921, 965.651, 1228.15, 767.291, 373.725
37, 768, 0, 0, 343, 0, -0.050957, 0.826634, -0.560428, 0.420276, -0.521548, 0.456533, 0.720809, -0.389753, 0.851699, 0.32902, 0.407866, 0.593667, 965.65, 1228.15, 767.291, 373.725
38, 766, 0, 0, 459, 0, -0.0931345, 0.825019, -0.557377, 0.412012, -0.499436, 0.445575, 0.742985, -0.412517, 0.86133, 0.347571, 0.370546, 0.612838, 965.65, 1228.15, 767.291, 373.725
39, 765, 0, 0, 436, 0, -0.106689, 0.826793, -0.552295, 0.40888, -0.484779, 0.441716, 0.754901, -0.427236, 0.868105, 0.348281, 0.353685, 0.628078, 965.65, 1228.15, 767.291, 373.725
41, 763, 0, 0, 303, 0, -0.131041, 0.833699, -0.536446, 0.399563, -0.442562, 0.435008, 0.78416, -0.451213, 0.887112, 0.340168, 0.31196, 0.665296, 965.65, 1228.15, 767.291, 373.725
40, 764, 0, 0, 327, 0, -0.120235, 0.830779, -0.543461, 0.402952, -0.461808, 0.437789, 0.77141, -0.442689, 0.878793, 0.343726, 0.331023, 0.650284, 965.65, 1228.15, 767.291, 373.725
42, 756, 0, 0, 293, 0, -0.0940712, 0.835153, -0.541914, 0.409612, -0.475245, 0.440634, 0.761567, -0.435571, 0.87481, 0.329183, 0.355452, 0.637239, 965.65, 1228.15, 767.291, 373.725
43, 755, 0, 0, 274, 0, -0.0760786, 0.835759, -0.543801, 0.410037, -0.488605, 0.444166, 0.750987, -0.424835, 0.869182, 0.322838, 0.374565, 0.62185, 965.65, 1228.15, 767.291, 373.725
44, 753, 0, 0, 226, 0, -0.0618607, 0.838096, -0.542003, 0.410581, -0.492716, 0.446617, 0.746836, -0.408603, 0.867989, 0.313253, 0.385315, 0.601903, 965.65, 1228.15, 767.291, 373.725
45, 748, 0, 0, 286, 0, -0.0543635, 0.845096, -0.531843, 0.413, -0.48192, 0.444283, 0.755225, -0.394281, 0.874527, 0.297363, 0.383116, 0.582781, 965.65, 1228.15, 767.291, 373.725
46, 746, 0, 0, 360, 0, -0.0430136, 0.850679, -0.523923, 0.418537, -0.475578, 0.443749, 0.759548, -0.3775, 0.878621, 0.281837, 0.385477, 0.564938, 965.65, 1228.15, 767.291, 373.725
47, 744, 0, 0, 221, 0, -0.0300651, 0.849536, -0.526673, 0.420014, -0.483364, 0.448848, 0.751595, -0.360944, 0.874903, 0.277172, 0.39714, 0.5548, 965.65, 1228.15, 767.291, 373.725
48, 740, 0, 0, 318, 0, -0.0382349, 0.842801, -0.536866, 0.419782, -0.492118, 0.451708, 0.744164, -0.376798, 0.869689, 0.292654, 0.397486, 0.565661, 965.65, 1228.15, 767.291, 373.725
49, 737, 0, 0, 414, 0, -0.0427284, 0.837779, -0.544335, 0.418469, -0.494556, 0.455663, 0.740125, -0.393147, 0.868095, 0.300829, 0.394859, 0.584446, 965.65, 1228.15, 767.291, 373.725
50, 735, 0, 0, 275, 0, -0.0556318, 0.840068, -0.539621, 0.415341, -0.496047, 0.445785, 0.745126, -0.40934, 0.866512, 0.30913, 0.391914, 0.603143, 965.65, 1228.15, 767.291, 373.725
51, 733, 0, 0, 333, 0, -0.0541732, 0.851889, -0.520913, 0.397395, -0.501774, 0.427803, 0.751803, -0.406011, 0.863301, 0.302108, 0.404281, 0.604163, 965.65, 1228.15, 767.291, 373.725
52, 731, 0, 0, 332, 0, -0.0314319, 0.864926, -0.500914, 0.368311, -0.513276, 0.416064, 0.750625, -0.380587, 0.857648, 0.280701, 0.430868, 0.609139, 965.65, 1228.15, 767.291, 373.725
53, 729, 0, 0, 278, 0, -0.0163756, 0.871818, -0.489556, 0.343203, -0.531554, 0.407109, 0.742774, -0.346225, 0.846866, 0.272389, 0.456751, 0.619911, 965.65, 1228.15, 767.291, 373.725
54, 721, 0, 0, 370, 0, -0.0143765, 0.879976, -0.474801, 0.359821, -0.484698, 0.409196, 0.773063, -0.374371, 0.874563, 0.241249, 0.42064, 0.600398, 965.65, 1228.15, 767.291, 373.725
55, 719, 0, 0, 377, 0, -0.00584086, 0.874461, -0.48506, 0.378749, -0.481295, 0.422731, 0.767889, -0.414453, 0.876539, 0.237942, 0.418405, 0.57494, 965.65, 1228.15, 767.291, 373.725
56, 713, 0, 0, 345, 0, 0.000703536, 0.864401, -0.502803, 0.400839, -0.485936, 0.439743, 0.75531, -0.415527, 0.873994, 0.243799, 0.420353, 0.566573, 965.651, 1228.15, 767.29, 373.726
57, 711, 0, 0, 319, 0, 0.00437659, 0.851811, -0.523831, 0.409556, -0.502717, 0.454703, 0.735201, -0.405836, 0.86444, 0.260121, 0.43021, 0.56606, 965.651, 1228.15, 767.29, 373.725
58, 708, 0, 0, 374, 0, -0.00872676, 0.833761, -0.552056, 0.424203, -0.537787, 0.461525, 0.705535, -0.394528, 0.843036, 0.303045, 0.444358, 0.56829, 965.651, 1228.15, 767.29, 373.725
59, 706, 0, 0, 345, 0, -0.00514664, 0.823037, -0.567965, 0.441631, -0.55259, 0.471035, 0.687583, -0.384746, 0.833437, 0.317391, 0.452378, 0.568583, 965.651, 1228.15, 767.29, 373.725
60, 704, 0, 0, 334, 0, 0.0116174, 0.802145, -0.597017, 0.453065, -0.561332, 0.499335, 0.659978, -0.378977, 0.827509, 0.327458, 0.456071, 0.566516, 965.65, 1228.15, 767.29, 373.725
61, 702, 0, 0, 346, 0, 0.027912, 0.785454, -0.618291, 0.466935, -0.565716, 0.52236, 0.638048, -0.373681, 0.824127, 0.331968, 0.458924, 0.568235, 965.65, 1228.15, 767.291, 373.725
62, 700, 0, 0, 328, 0, 0.0346303, 0.77666, -0.628967, 0.483338, -0.569158, 0.532642, 0.626379, -0.372963, 0.821498, 0.33629, 0.460488, 0.573897, 965.65, 1228.15, 767.291, 373.725
63, 698, 0, 0, 248, 0, 0.0293831, 0.758888, -0.650558, 0.49327, -0.579879, 0.543066, 0.607305, -0.365046, 0.814173, 0.359401, 0.45602, 0.591609, 965.65, 1228.15, 767.291, 373.725
64, 696, 0, 0, 305, 0, -0.0181166, 0.717247, -0.696583, 0.523328, -0.590962, 0.554295, 0.586107, -0.358283, 0.806496, 0.422272, 0.413824, 0.605882, 965.65, 1228.15, 767.291, 373.725
5, 832, 0, 0, 483, 0, 0.987833, 0.0952026, -0.122972, 0.182578, -0.0734778, 0.982618, 0.170478, -0.0891015, 0.137064, -0.159368, 0.977658, 0.127594, 965.65, 1228.15, 767.291, 373.725
66, 694, 0, 0, 399, 0, -0.0315764, 0.650828, -0.758568, 0.547557, -0.592323, 0.599134, 0.538694, -0.352673, 0.805081, 0.466328, 0.366582, 0.617907, 965.65, 1228.15, 767.291, 373.725
67, 692, 0, 0, 232, 0, -0.0157294, 0.634084, -0.773105, 0.556201, -0.585999, 0.620647, 0.520964, -0.345843, 0.810159, 0.461233, 0.36181, 0.629937, 965.65, 1228.15, 767.291, 373.725
65, 695, 0, 0, 336, 0, -0.0336249, 0.685089, -0.727683, 0.53743, -0.594534, 0.571547, 0.565565, -0.356778, 0.803367, 0.451649, 0.388091, 0.610121, 965.65, 1228.15, 767.291, 373.725
69, 685, 0, 0, 488, 0, 0.0215368, 0.641651, -0.766694, 0.570289, -0.613343, 0.614084, 0.496701, -0.315138, 0.789523, 0.459549, 0.406777, 0.587774, 965.65, 1228.15, 767.291, 373.725
70, 684, 0, 0, 446, 0, 0.0232263, 0.637067, -0.770458, 0.573175, -0.620554, 0.613414, 0.488505, -0.299205, 0.78382, 0.466764, 0.409582, 0.570311, 965.65, 1228.15, 767.291, 373.725
71, 683, 0, 0, 411, 0, 0.0283501, 0.634011, -0.772804, 0.577226, -0.624264, 0.615042, 0.481682, -0.278705, 0.780699, 0.468778, 0.413227, 0.555036, 965.649, 1228.15, 767.291, 373.725
72, 681, 0, 0, 292, 0, 0.0309075, 0.631761, -0.774547, 0.590713, -0.630084, 0.61387, 0.475561, -0.249408, 0.775912, 0.473331, 0.417036, 0.530644, 965.649, 1228.15, 767.291, 373.725
73, 674, 0, 0, 282, 0, 0.0392911, 0.641125, -0.76643, 0.585009, -0.647176, 0.600734, 0.469341, -0.262333, 0.761327, 0.477575, 0.438524, 0.550654, 965.649, 1228.15, 767.291, 373.725
74, 672, 0, 0, 325, 0, -0.00158846, 0.654531, -0.756033, 0.5912, -0.657599, 0.568888, 0.493892, -0.289041, 0.753366, 0.497952, 0.429516, 0.577172, 965.649, 1228.15, 767.291, 373.725
75, 671, 0, 0, 369, 0, -0.0386111, 0.650133, -0.758839, 0.59398, -0.657227, 0.555511, 0.509373, -0.305767, 0.752703, 0.518397, 0.405836, 0.593043, 965.648, 1228.15, 767.291, 373.725
76, 670, 0, 0, 402, 0, -0.0884112, 0.640504, -0.762849, 0.592762, -0.649515, 0.543565, 0.531664, -0.320785, 0.755191, 0.542487, 0.36796, 0.605055, 965.648, 1228.15, 767.291, 373.725
77, 669, 0, 0, 315, 0, -0.12774, 0.637307, -0.759949, 0.583455, -0.638588, 0.533422, 0.554678, -0.331904, 0.758873, 0.556148, 0.338837, 0.620795, 965.648, 1228.15, 767.291, 373.725
78, 667, 0, 0, 456, 0, -0.17007, 0.665947, -0.726355, 0.569787, -0.626148, 0.496139, 0.601485, -0.347885, 0.76093, 0.5571, 0.332603, 0.646506, 965.649, 1228.15, 767.291, 373.725
79, 666, 0, 0, 370, 0, -0.191225, 0.675082, -0.712529, 0.556936, -0.624091, 0.47667, 0.619109, -0.362627, 0.757591, 0.563072, 0.330162, 0.663344, 965.649, 1228.15, 767.291, 373.725
80, 663, 0, 0, 346, 0, -0.216209, 0.683466, -0.697229, 0.57063, -0.621681, 0.45427, 0.638084, -0.391515, 0.752839, 0.571414, 0.326681, 0.652035, 965.649, 1228.15, 767.291, 373.725
81, 660, 0, 0, 371, 0, -0.234018, 0.684353, -0.690577, 0.570054, -0.609632, 0.450023, 0.652555, -0.422841, 0.757354, 0.573707, 0.31189, 0.674328, 965.649, 1228.15, 767.291, 373.725
82, 658, 0, 0, 363, 0, -0.247781, 0.677271, -0.692754, 0.557344, -0.606683, 0.449023, 0.655983, -0.438977, 0.755341, 0.582822, 0.29963, 0.693074, 965.649, 1228.15, 767.291, 373.725
84, 651, 0, 0, 395, 0, -0.161616, 0.674306, -0.72055, 0.600582, -0.651096, 0.475825, 0.591325, -0.432556, 0.741589, 0.564715, 0.362137, 0.689495, 965.649, 1228.15, 767.291, 373.725
83, 654, 0, 0, 337, 0, -0.196919, 0.675739, -0.710352, 0.575908, -0.644425, 0.456827, 0.61321, -0.435101, 0.738878, 0.578521, 0.345505, 0.686291, 965.649, 1228.15, 767.291, 373.725
24, 791, 0, 0, 259, 0, 0.492509, 0.682139, -0.540483, 0.453662, -0.505144, 0.729767, 0.460727, -0.297139, 0.708706, 0.0461096, 0.703995, 0.38105, 965.649, 1228.15, 767.291, 373.725
86, 646, 0, 0, 450, 0, -0.229299, 0.672484, -0.703695, 0.55738, -0.60843, 0.465284, 0.642903, -0.46164, 0.75976, 0.575566, 0.30247, 0.722431, 965.648, 1228.15, 767.291, 373.725
87, 645, 0, 0, 407, 0, -0.254466, 0.667384, -0.699889, 0.541177, -0.599285, 0.459186, 0.655748, -0.470553, 0.759015, 0.586299, 0.283106, 0.731316, 965.648, 1228.15, 767.291, 373.725
88, 644, 0, 0, 408, 0, -0.293009, 0.661515, -0.690321, 0.521172, -0.590261, 0.442838, 0.674897, -0.480273, 0.752155, 0.60522, 0.260711, 0.747847, 965.649, 1228.15, 767.291, 373.725
89, 642, 0, 0, 455, 0, -0.373808, 0.650761, -0.660892, 0.499176, -0.568713, 0.402065, 0.717572, -0.488501, 0.732689, 0.644092, 0.219801, 0.772885, 965.648, 1228.15, 767.291, 373.725
91, 638, 0, 0, 328, 0, -0.395043, 0.639868, -0.659173, 0.500123, -0.578123, 0.384479, 0.719688, -0.498592, 0.713943, 0.665391, 0.218037, 0.772505, 965.648, 1228.15, 767.29, 373.725
90, 640, 0, 0, 362, 0, -0.418597, 0.642996, -0.641353, 0.485356, -0.547558, 0.384718, 0.743083, -0.504559, 0.724539, 0.66223, 0.191036, 0.787146, 965.648, 1228.15, 767.291, 373.725
92, 630, 0, 0, 358, 0, -0.470927, 0.619983, -0.627574, 0.484742, -0.578474, 0.32007, 0.750282, -0.504402, 0.66603, 0.716363, 0.207914, 0.79862, 965.649, 1228.15, 767.291, 373.725
93, 628, 0, 0, 343, 0, -0.528148, 0.590432, -0.610287, 0.462334, -0.554113, 0.304957, 0.774571, -0.51817, 0.643442, 0.747256, 0.166104, 0.816555, 965.649, 1228.15, 767.291, 373.725
68, 688, 0, 0, 372, 0, 0.0281801, 0.650534, -0.758954, 0.553095, -0.60354, 0.616314, 0.505861, -0.331374, 0.796834, 0.443804, 0.409991, 0.617742, 965.648, 1228.15, 767.291, 373.725
95, 624, 0, 0, 394, 0, -0.620404, 0.521052, -0.586177, 0.414709, -0.52553, 0.278603, 0.803865, -0.530243, 0.582166, 0.806774, 0.100982, 0.846419, 965.649, 1228.15, 767.291, 373.725
96, 622, 0, 0, 515, 0, -0.679521, 0.468754, -0.564376, 0.408569, -0.497214, 0.271412, 0.824084, -0.532583, 0.539471, 0.840598, 0.0486415, 0.857769, 965.649, 1228.15, 767.291, 373.725
98, 617, 0, 0, 340, 0, -0.695694, 0.416605, -0.585192, 0.404305, -0.521115, 0.268009, 0.810315, -0.521503, 0.494418, 0.868684, 0.0306469, 0.864941, 965.648, 1228.15, 767.292, 373.725
97, 621, 0, 0, 374, 0, -0.702715, 0.444107, -0.555842, 0.394868, -0.487446, 0.268563, 0.830825, -0.538618, 0.518254, 0.854776, 0.0277549, 0.868337, 965.648, 1228.15, 767.292, 373.725
99, 613, 0, 0, 380, 0, -0.754034, 0.370363, -0.542461, 0.39402, -0.471727, 0.269338, 0.839601, -0.527198, 0.457062, 0.888982, -0.0283799, 0.8768, 965.648, 1228.15, 767.292, 373.725
100, 611, 0, 0, 388, 0, -0.797267, 0.336116, -0.501389, 0.375514, -0.433576, 0.259033, 0.863084, -0.538532, 0.419973, 0.905499, -0.060786, 0.893756, 965.648, 1228.15, 767.292, 373.725
101, 610, 0, 0, 422, 0, -0.81799, 0.319199, -0.478545, 0.365182, -0.412312, 0.254752, 0.8747, -0.547649, 0.401113, 0.912806, -0.0767748, 0.904225, 965.648, 1228.15, 767.292, 373.725
102, 609, 0, 0, 406, 0, -0.841524, 0.297247, -0.451089, 0.349877, -0.386789, 0.251408, 0.887236, -0.559523, 0.377136, 0.921107, -0.0965935, 0.918546, 965.648, 1228.15, 767.292, 373.725
103, 608, 0, 0, 396, 0, -0.862232, 0.275456, -0.425065, 0.336, -0.363237, 0.248602, 0.897918, -0.568369, 0.353009, 0.928613, -0.114297, 0.931111, 965.648, 1228.15, 767.292, 373.725
104, 607, 0, 0, 383, 0, -0.88206, 0.25252, -0.397749, 0.323324, -0.339123, 0.245759, 0.908074, -0.575937, 0.327058, 0.935861, -0.131139, 0.942921, 965.648, 1228.15, 767.291, 373.725
105, 606, 0, 0, 407, 0, -0.901393, 0.225649, -0.369559, 0.304909, -0.315158, 0.243369, 0.917304, -0.584381, 0.296928, 0.943321, -0.148256, 0.957205, 965.647, 1228.15, 767.291, 373.725
107, 602, 0, 0, 363, 0, -0.932069, 0.149102, -0.330175, 0.259669, -0.284231, 0.264139, 0.921652, -0.591795, 0.224632, 0.95289, -0.203817, 0.98672, 965.647, 1228.15, 767.291, 373.725
106, 604, 0, 0, 322, 0, -0.9242, 0.177585, -0.338109, 0.280946, -0.290946, 0.246104, 0.924545, -0.594173, 0.247395, 0.952836, -0.175781, 0.974718, 965.647, 1228.15, 767.291, 373.724
108, 598, 0, 0, 316, 0, -0.911498, 0.163622, -0.377358, 0.270731, -0.326926, 0.268505, 0.906104, -0.588636, 0.249581, 0.94928, -0.19125, 0.989638, 965.647, 1228.15, 767.291, 373.724
109, 595, 0, 0, 379, 0, -0.928462, 0.155767, -0.337188, 0.274768, -0.285474, 0.281509, 0.91611, -0.595402, 0.237621, 0.946831, -0.216903, 1.00256, 965.647, 1228.15, 767.291, 373.724
110, 593, 0, 0, 435, 0, -0.952826, 0.111872, -0.282149, 0.260576, -0.239866, 0.292056, 0.925834, -0.601489, 0.185978, 0.949836, -0.251444, 1.01004, 965.647, 1228.15, 767.291, 373.724
111, 592, 0, 0, 376, 0, -0.964048, 0.090074, -0.249995, 0.244347, -0.2137, 0.296353, 0.930864, -0.602354, 0.157933, 0.950822, -0.26645, 1.01945, 965.647, 1228.15, 767.291, 373.724
112, 591, 0, 0, 392, 0, -0.976594, 0.0669163, -0.204419, 0.218009, -0.175577, 0.300976, 0.937329, -0.611794, 0.124248, 0.951281, -0.282182, 1.02838, 965.647, 1228.15, 767.291, 373.724
113, 590, 0, 0, 334, 0, -0.982718, 0.0567904, -0.176184, 0.192088, -0.150864, 0.305815, 0.940062, -0.617866, 0.107266, 0.950396, -0.291962, 1.03546, 965.647, 1228.15, 767.291, 373.724
114, 589, 0, 0, 323, 0, -0.987473, 0.0510355, -0.149309, 0.168214, -0.126317, 0.311392, 0.941849, -0.619745, 0.0945615, 0.94891, -0.301045, 1.03812, 965.647, 1228.15, 767.291, 373.724
16, 809, 0, 0, 435, 0, 0.750219, 0.51111, -0.41945, 0.363184, -0.389087, 0.854185, 0.344933, -0.201577, 0.534587, -0.0955724, 0.839692, 0.272504, 965.647, 1228.15, 767.292, 373.724
116, 587, 0, 0, 372, 0, -0.995122, 0.0345523, -0.0924077, 0.119682, -0.0768425, 0.315976, 0.94565, -0.632158, 0.061873, 0.948138, -0.31178, 1.04727, 965.647, 1228.15, 767.291, 373.724
117, 585, 0, 0, 305, 0, -0.998674, 0.0167838, -0.0486703, 0.08342, -0.0412984, 0.303299, 0.952, -0.624672, 0.0307398, 0.952748, -0.302203, 1.04677, 965.647, 1228.15, 767.291, 373.724
118, 583, 0, 0, 459, 0, -0.999878, 0.0147243, 0.00529139, 0.0505726, 0.00937802, 0.293285, 0.955979, -0.61354, 0.0125242, 0.955912, -0.293388, 1.02402, 965.647, 1228.15, 767.291, 373.724
119, 582, 0, 0, 318, 0, -0.999349, 0.0103498, 0.0345655, 0.0274804, 0.0360817, 0.287985, 0.956955, -0.612799, -5.00937e-05, 0.957579, -0.288171, 1.01813, 965.648, 1228.15, 767.291, 373.724
120, 580, 0, 0, 132, 0, -0.997779, -0.00365773, 0.0665055, 0.00611219, 0.0626637, 0.286869, 0.955918, -0.622063, -0.0225749, 0.957963, -0.286003, 1.01658, 965.647, 1228.15, 767.291, 373.724
121, 578, 0, 0, 250, 0, -0.998408, -0.0260228, 0.0500522, 0.0093262, 0.0383837, 0.336839, 0.94078, -0.622864, -0.0413412, 0.941203, -0.335304, 1.02801, 965.647, 1228.15, 767.291, 373.724
122, 576, 0, 0, 428, 0, -0.999554, -0.0184701, 0.0234522, 0.0281668, 0.015049, 0.366713, 0.930212, -0.630124, -0.0257813, 0.930151, -0.366272, 1.03239, 965.646, 1228.15, 767.291, 373.724
123, 574, 0, 0, 418, 0, -0.999289, -0.0155701, 0.0343424, 0.0353006, 0.0260768, 0.372508, 0.927663, -0.645484, -0.0272366, 0.927898, -0.371837, 1.0582, 965.647, 1228.15, 767.291, 373.724
124, 571, 0, 0, 305, 0, -0.997019, -0.0283322, 0.0717609, 0.00522474, 0.0554806, 0.383049, 0.92206, -0.637817, -0.0536119, 0.923293, -0.380336, 1.0635, 965.647, 1228.15, 767.291, 373.724
125, 569, 0, 0, 370, 0, -0.993104, -0.0432207, 0.108978, -0.0235047, 0.0840437, 0.385621, 0.918822, -0.640857, -0.0817361, 0.921645, -0.379329, 1.06673, 965.647, 1228.15, 767.291, 373.724
85, 648, 0, 0, 324, 0, -0.183244, 0.677788, -0.712057, 0.58218, -0.629172, 0.475686, 0.614707, -0.443331, 0.755357, 0.560648, 0.339278, 0.699454, 965.647, 1228.15, 767.291, 373.724
127, 565, 0, 0, 407, 0, -0.985662, -0.0640685, 0.156098, -0.0922509, 0.121634, 0.37139, 0.920475, -0.623472, -0.116947, 0.926264, -0.358272, 1.05732, 965.647, 1228.15, 767.291, 373.725
128, 558, 0, 0, 225, 0, -0.988212, -0.0549862, 0.142874, -0.101263, 0.108987, 0.402716, 0.908813, -0.616142, -0.10751, 0.913672, -0.391977, 1.07079, 965.646, 1228.15, 767.291, 373.724
130, 553, 0, 0, 413, 0, -0.983563, -0.0498515, 0.173548, -0.139733, 0.129799, 0.472952, 0.871475, -0.593694, -0.125524, 0.879677, -0.458707, 1.06968, 965.645, 1228.15, 767.29, 373.724
34, 773, 0, 0, 259, 0, 0.0569133, 0.770822, -0.634503, 0.47136, -0.520514, 0.565233, 0.639981, -0.387302, 0.851954, 0.293844, 0.433393, 0.532406, 965.645, 1228.15, 767.291, 373.724
131, 549, 0, 0, 532, 0, -0.970935, -0.118452, 0.207975, -0.122333, 0.132844, 0.456101, 0.879957, -0.608594, -0.199091, 0.88201, -0.427109, 1.09185, 965.644, 1228.15, 767.29, 373.724
132, 547, 0, 0, 272, 0, -0.965839, -0.156689, 0.206408, -0.0866562, 0.11303, 0.462026, 0.879634, -0.626898, -0.233195, 0.872915, -0.428532, 1.11719, 965.645, 1228.15, 767.29, 373.724
126, 567, 0, 0, 322, 0, -0.988014, -0.054612, 0.144382, -0.0556992, 0.112862, 0.382547, 0.917017, -0.639908, -0.105313, 0.922321, -0.371798, 1.06322, 965.646, 1228.15, 767.29, 373.724
134, 538, 0, 0, 448, 0, -0.977582, -0.0713953, 0.198081, -0.0322347, 0.146309, 0.446193, 0.882896, -0.619563, -0.151417, 0.892084, -0.425745, 1.08723, 965.648, 1228.15, 767.291, 373.724
135, 535, 0, 0, 399, 0, -0.978378, -0.0555909, 0.199216, -0.00928818, 0.156313, 0.431998, 0.888225, -0.602332, -0.135438, 0.90016, -0.413968, 1.06389, 965.648, 1228.15, 767.291, 373.724
136, 532, 0, 0, 376, 0, -0.98133, -0.0513255, 0.185357, 0.00666155, 0.152626, 0.378622, 0.912881, -0.569755, -0.117034, 0.924127, -0.363719, 1.03606, 965.647, 1228.15, 767.291, 373.725
133, 544, 0, 0, 314, 0, -0.9692, -0.113109, 0.218766, -0.0513866, 0.142947, 0.464975, 0.873707, -0.645421, -0.200545, 0.878069, -0.434485, 1.12332, 965.646, 1228.15, 767.291, 373.725
138, 528, 0, 0, 405, 0, -0.989935, -0.0294686, 0.138421, 0.0536419, 0.118526, 0.36182, 0.924682, -0.504598, -0.0773327, 0.931782, -0.354686, 0.988169, 965.646, 1228.15, 767.29, 373.724
140, 524, 0, 0, 350, 0, -0.994368, -0.024252, 0.103175, 0.0694163, 0.0844726, 0.4066, 0.909693, -0.467428, -0.0640129, 0.913284, -0.402261, 0.991504, 965.646, 1228.15, 767.29, 373.724
139, 526, 0, 0, 355, 0, -0.993595, -0.024559, 0.110297, 0.0687116, 0.0931349, 0.374756, 0.922434, -0.479596, -0.0639887, 0.926798, -0.370069, 0.985136, 965.645, 1228.15, 767.29, 373.724
137, 530, 0, 0, 399, 0, -0.985887, -0.0415577, 0.162173, 0.0299312, 0.135693, 0.369008, 0.919467, -0.536953, -0.0980542, 0.928497, -0.358161, 1.00873, 965.645, 1228.15, 767.289, 373.724
142, 515, 0, 0, 478, 0, -0.992229, -0.0432669, 0.11666, 0.0519336, 0.0920004, 0.376126, 0.92199, -0.554006, -0.0837705, 0.925558, -0.369223, 1.02757, 965.645, 1228.15, 767.29, 373.724
143, 513, 0, 0, 408, 0, -0.987064, -0.0637073, 0.147129, 0.0385918, 0.112463, 0.378918, 0.918571, -0.593167, -0.114269, 0.923235, -0.366851, 1.04629, 965.645, 1228.15, 767.29, 373.724
144, 509, 0, 0, 325, 0, -0.984422, -0.0516975, 0.168051, 0.0226588, 0.135206, 0.388416, 0.911511, -0.644165, -0.112396, 0.920033, -0.375376, 1.06004, 965.645, 1228.15, 767.29, 373.724
145, 504, 0, 0, 487, 0, -0.990067, -0.0508551, 0.131076, -0.000909546, 0.105446, 0.348065, 0.931521, -0.635903, -0.0929956, 0.93609, -0.339246, 1.05602, 965.645, 1228.15, 767.29, 373.725
146, 501, 0, 0, 455, 0, -0.988669, -0.0610822, 0.137121, -0.0336283, 0.109767, 0.32891, 0.93796, -0.635004, -0.102393, 0.942384, -0.318479, 1.04951, 965.646, 1228.15, 767.29, 373.725
147, 499, 0, 0, 492, 0, -0.987942, -0.0750877, 0.135398, -0.0594503, 0.105335, 0.314949, 0.943245, -0.636128, -0.11347, 0.946134, -0.303242, 1.05189, 965.646, 1228.15, 767.29, 373.725
148, 496, 0, 0, 365, 0, -0.985161, -0.0814693, 0.151064, -0.0802903, 0.117496, 0.321458, 0.939606, -0.633843, -0.12511, 0.943413, -0.307116, 1.03877, 965.646, 1228.15, 767.29, 373.725
149, 492, 0, 0, 501, 0, -0.983565, -0.0964283, 0.152646, -0.117975, 0.116773, 0.305076, 0.945142, -0.640637, -0.137707, 0.947433, -0.288802, 1.03776, 965.647, 1228.15, 767.29, 373.725
150, 490, 0, 0, 433, 0, -0.978642, -0.118992, 0.167633, -0.142488, 0.12686, 0.292086, 0.947941, -0.636594, -0.161761, 0.948961, -0.270752, 1.02799, 965.646, 1228.15, 767.29, 373.725
151, 488, 0, 0, 421, 0, -0.973145, -0.140875, 0.18205, -0.167888, 0.137824, 0.276859, 0.950975, -0.63649, -0.184371, 0.950528, -0.250008, 1.01844, 965.646, 1228.15, 767.29, 373.725
152, 486, 0, 0, 320, 0, -0.96542, -0.168575, 0.198863, -0.199593, 0.150068, 0.264399, 0.952666, -0.632999, -0.213175, 0.949566, -0.229959, 1.00546, 965.646, 1228.15, 767.29, 373.724
153, 480, 0, 0, 250, 0, -0.96176, -0.168461, 0.215959, -0.223801, 0.170017, 0.250984, 0.952944, -0.625805, -0.214736, 0.95322, -0.212745, 0.990641, 965.646, 1228.15, 767.29, 373.724
154, 478, 0, 0, 285, 0, -0.935303, -0.19539, 0.295012, -0.23277, 0.243821, 0.248338, 0.937486, -0.624437, -0.256438, 0.948763, -0.184631, 0.98456, 965.646, 1228.15, 767.29, 373.724
155, 476, 0, 0, 224, 0, -0.901134, -0.24272, 0.359229, -0.25005, 0.295329, 0.262942, 0.9185, -0.621855, -0.317395, 0.933782, -0.165264, 0.978551, 965.646, 1228.15, 767.29, 373.725
141, 518, 0, 0, 429, 0, -0.995532, -0.0283174, 0.0900788, 0.0658856, 0.0725408, 0.38134, 0.921584, -0.515944, -0.0604474, 0.924001, -0.377582, 1.00766, 965.646, 1228.15, 767.29, 373.725
94, 626, 0, 0, 345, 0, -0.5715, 0.564483, -0.595606, 0.441235, -0.539598, 0.288323, 0.791015, -0.527389, 0.618241, 0.773453, 0.139818, 0.829816, 965.646, 1228.15, 767.291, 373.725
157, 472, 0, 0, 375, 0, -0.840925, -0.302447, 0.448744, -0.312414, 0.367224, 0.290153, 0.883718, -0.610605, -0.397483, 0.90793, -0.132931, 0.964065, 965.646, 1228.15, 767.291, 373.724
158, 470, 0, 0, 378, 0, -0.804741, -0.337171, 0.488577, -0.340193, 0.39305, 0.314144, 0.86419, -0.600122, -0.444864, 0.887485, -0.120279, 0.954798, 965.646, 1228.15, 767.291, 373.724
160, 466, 0, 0, 456, 0, -0.73812, -0.41102, 0.535015, -0.387682, 0.398363, 0.374495, 0.837293, -0.565611, -0.544505, 0.831154, -0.112687, 0.925154, 965.646, 1228.15, 767.291, 373.724
161, 458, 0, 0, 410, 0, -0.717488, -0.394314, 0.574219, -0.397307, 0.422666, 0.408804, 0.808847, -0.54982, -0.553682, 0.823041, -0.126649, 0.928297, 965.646, 1228.15, 767.291, 373.724
162, 456, 0, 0, 499, 0, -0.698208, -0.404818, 0.590448, -0.408946, 0.436313, 0.413262, 0.799278, -0.53078, -0.567572, 0.815682, -0.111916, 0.925625, 965.646, 1228.15, 767.291, 373.724
163, 454, 0, 0, 470, 0, -0.67902, -0.407025, 0.610952, -0.4232, 0.454911, 0.419891, 0.785333, -0.520928, -0.576183, 0.811186, -0.0999538, 0.911429, 965.646, 1228.15, 767.291, 373.724
164, 453, 0, 0, 424, 0, -0.662355, -0.410433, 0.626762, -0.44321, 0.467153, 0.427773, 0.773808, -0.509363, -0.585708, 0.805329, -0.0916029, 0.898555, 965.646, 1228.15, 767.291, 373.724
156, 474, 0, 0, 374, 0, -0.875092, -0.270042, 0.401611, -0.278982, 0.329809, 0.27455, 0.903243, -0.619116, -0.354176, 0.922876, -0.151194, 0.974445, 965.646, 1228.15, 767.291, 373.724
166, 449, 0, 0, 439, 0, -0.576115, -0.430294, 0.694938, -0.507429, 0.513786, 0.470603, 0.717326, -0.48419, -0.635701, 0.770311, -0.0500423, 0.874705, 965.646, 1228.15, 767.291, 373.724
167, 447, 0, 0, 434, 0, -0.532314, -0.438595, 0.724069, -0.533429, 0.530839, 0.493328, 0.689084, -0.475548, -0.659433, 0.751174, -0.0297819, 0.85927, 965.646, 1228.15, 767.29, 373.724
168, 445, 0, 0, 426, 0, -0.501774, -0.444832, 0.741854, -0.554519, 0.544436, 0.504036, 0.670476, -0.461273, -0.67217, 0.740319, -0.010729, 0.834573, 965.646, 1228.15, 767.29, 373.724
169, 443, 0, 0, 433, 0, -0.467713, -0.450166, 0.760654, -0.57183, 0.561837, 0.512937, 0.649027, -0.458578, -0.682338, 0.730921, 0.0130128, 0.819851, 965.646, 1228.15, 767.29, 373.724
170, 441, 0, 0, 501, 0, -0.418052, -0.462625, 0.7818, -0.598599, 0.587376, 0.518851, 0.621114, -0.449741, -0.692981, 0.718868, 0.0548276, 0.801997, 965.646, 1228.15, 767.291, 373.724
171, 440, 0, 0, 484, 0, -0.375828, -0.469788, 0.798782, -0.616059, 0.603847, 0.529697, 0.595642, -0.43241, -0.702938, 0.706201, 0.0846055, 0.782606, 965.646, 1228.15, 767.29, 373.724
115, 588, 0, 0, 269, 0, -0.991615, 0.0450874, -0.12111, 0.144632, -0.100854, 0.315976, 0.943392, -0.628075, 0.0808031, 0.947695, -0.308779, 1.04304, 965.646, 1228.15, 767.29, 373.724
173, 438, 0, 0, 693, 0, -0.298151, -0.478078, 0.826164, -0.649499, 0.612431, 0.568073, 0.549746, -0.410399, -0.732143, 0.669876, 0.123419, 0.741618, 965.646, 1228.15, 767.291, 373.724
174, 437, 0, 0, 592, 7, -0.268333, -0.479464, 0.835531, -0.668687, 0.610484, 0.586301, 0.532504, -0.395442, -0.745189, 0.652967, 0.135381, 0.722311, 965.646, 1228.15, 767.291, 373.724
129, 556, 0, 0, 335, 0, -0.988937, -0.0485718, 0.140161, -0.11789, 0.101376, 0.46849, 0.877633, -0.601385, -0.108292, 0.882132, -0.458383, 1.07146, 965.647, 1228.15, 767.291, 373.725
175, 436, 0, 0, 522, 11, -0.230865, -0.476846, 0.848127, -0.693064, 0.616792, 0.602431, 0.506602, -0.384184, -0.752509, 0.640074, 0.155035, 0.701346, 965.646, 1228.15, 767.291, 373.725
177, 428, 0, 0, 401, 10, -0.160358, -0.501791, 0.849995, -0.660644, 0.610243, 0.626444, 0.484945, -0.36563, -0.775815, 0.596468, 0.205759, 0.678103, 965.646, 1228.15, 767.29, 373.724
178, 426, 0, 0, 368, 17, -0.108374, -0.499666, 0.859412, -0.64865, 0.611721, 0.647933, 0.453851, -0.343403, -0.783615, 0.574906, 0.235437, 0.66194, 965.645, 1228.15, 767.29, 373.724
179, 425, 0, 0, 464, 10, -0.0395234, -0.500142, 0.865041, -0.649192, 0.610961, 0.672939, 0.416989, -0.33237, -0.790674, 0.544987, 0.27897, 0.634347, 965.645, 1228.15, 767.289, 373.724
180, 423, 0, 0, 616, 10, 0.0445921, -0.495308, 0.867572, -0.646693, 0.598319, 0.708696, 0.37385, -0.317981, -0.800016, 0.502415, 0.327954, 0.611104, 965.645, 1228.15, 767.289, 373.724
172, 439, 0, 0, 541, 0, -0.326717, -0.472673, 0.818435, -0.637, 0.617502, 0.548816, 0.563464, -0.418278, -0.715504, 0.689479, 0.112569, 0.756858, 965.646, 1228.15, 767.289, 373.724
182, 416, 0, 0, 616, 17, 0.0113882, -0.51363, 0.857936, -0.516711, 0.601894, 0.688668, 0.404303, -0.259381, -0.798495, 0.511782, 0.316994, 0.654924, 965.646, 1228.15, 767.289, 373.724
183, 413, 0, 0, 661, 39, 0.00931135, -0.497843, 0.867217, -0.466457, 0.59716, 0.698396, 0.394516, -0.242927, -0.802068, 0.514194, 0.303795, 0.681831, 965.646, 1228.15, 767.289, 373.724
185, 404, 0, 0, 398, 97, 0.0284004, -0.543221, 0.83911, -0.549902, 0.581271, 0.691901, 0.428248, -0.267639, -0.813214, 0.475588, 0.335409, 0.63575, 965.645, 1228.15, 767.288, 373.723
181, 420, 0, 0, 683, 3, 0.0405117, -0.494607, 0.868172, -0.589789, 0.602349, 0.705337, 0.373731, -0.30073, -0.797204, 0.507802, 0.326501, 0.616472, 965.645, 1228.15, 767.289, 373.724
186, 400, 0, 0, 508, 28, 0.0564827, -0.536207, 0.842194, -0.632029, 0.589987, 0.698429, 0.405107, -0.305903, -0.805435, 0.474002, 0.355804, 0.590001, 965.645, 1228.15, 767.289, 373.724
187, 394, 0, 0, 486, 35, 0.0980683, -0.527088, 0.844133, -0.65063, 0.618685, 0.696678, 0.363138, -0.310509, -0.779495, 0.48664, 0.394423, 0.554467, 965.644, 1228.15, 767.289, 373.724
188, 392, 0, 0, 562, 31, 0.132692, -0.524569, 0.840964, -0.642069, 0.619781, 0.706037, 0.342613, -0.281016, -0.773476, 0.475751, 0.418803, 0.514966, 965.645, 1228.15, 767.289, 373.724
189, 390, 0, 0, 508, 21, 0.14654, -0.519633, 0.841729, -0.641468, 0.629208, 0.705553, 0.326025, -0.262942, -0.763298, 0.481847, 0.430349, 0.48587, 965.645, 1228.15, 767.289, 373.724
190, 386, 0, 0, 411, 17, 0.110017, -0.523454, 0.844921, -0.634426, 0.632201, 0.692809, 0.346897, -0.279925, -0.766954, 0.495996, 0.407149, 0.504368, 965.644, 1228.15, 767.289, 373.723
191, 384, 0, 0, 473, 14, 0.0786777, -0.523807, 0.848196, -0.641709, 0.625484, 0.68846, 0.367142, -0.304398, -0.77626, 0.501647, 0.381799, 0.542873, 965.644, 1228.15, 767.289, 373.723
192, 382, 0, 0, 489, 8, 0.0548385, -0.518338, 0.853416, -0.65191, 0.611456, 0.693131, 0.381695, -0.326971, -0.789376, 0.500895, 0.354951, 0.576572, 965.643, 1228.15, 767.287, 373.723
193, 377, 0, 0, 515, 14, 0.0488976, -0.508292, 0.859796, -0.660074, 0.603739, 0.700804, 0.379964, -0.345992, -0.795681, 0.500513, 0.341143, 0.602282, 965.642, 1228.15, 767.286, 373.723
195, 371, 0, 0, 499, 9, 0.0358182, -0.512828, 0.857744, -0.646824, 0.616002, 0.687181, 0.385129, -0.38906, -0.78693, 0.514577, 0.340517, 0.660583, 965.643, 1228.15, 767.286, 373.723
194, 374, 0, 0, 591, 5, 0.0308723, -0.508187, 0.860693, -0.647982, 0.614243, 0.688961, 0.384758, -0.369175, -0.788513, 0.516796, 0.33342, 0.630178, 965.643, 1228.15, 767.288, 373.723
196, 366, 0, 0, 471, 0, 0.0104193, -0.506605, 0.862115, -0.63828, 0.605569, 0.689278, 0.397722, -0.371385, -0.795725, 0.517926, 0.313966, 0.627103, 965.644, 1228.15, 767.288, 373.723
197, 363, 0, 0, 471, 0, 0.0110364, -0.505467, 0.862775, -0.633874, 0.599037, 0.694204, 0.399045, -0.349937, -0.800646, 0.51243, 0.310455, 0.596334, 965.644, 1228.15, 767.289, 373.723
198, 360, 0, 0, 487, 0, 0.0195641, -0.512897, 0.858227, -0.628688, 0.596625, 0.694793, 0.401624, -0.330016, -0.802281, 0.504183, 0.3196, 0.569559, 965.644, 1228.15, 767.288, 373.723
199, 356, 0, 0, 421, 0, 0.0703891, -0.520837, 0.850749, -0.617777, 0.615497, 0.693832, 0.373846, -0.308877, -0.78499, 0.497319, 0.369411, 0.539382, 965.644, 1228.15, 767.288, 373.723
200, 355, 0, 0, 540, 0, 0.116591, -0.521265, 0.845393, -0.614243, 0.609373, 0.709694, 0.353553, -0.29121, -0.784265, 0.473939, 0.400389, 0.518468, 965.644, 1228.15, 767.288, 373.723
201, 349, 0, 0, 504, 0, 0.189416, -0.5278, 0.827979, -0.589708, 0.573878, 0.743736, 0.342813, -0.266136, -0.796734, 0.410225, 0.443768, 0.506813, 965.644, 1228.15, 767.288, 373.723
202, 348, 0, 0, 422, 0, 0.219813, -0.524735, 0.822396, -0.583469, 0.569773, 0.753341, 0.328384, -0.251753, -0.791859, 0.396396, 0.464574, 0.486552, 965.643, 1228.15, 767.288, 373.723
203, 346, 0, 0, 477, 0, 0.275506, -0.517345, 0.810216, -0.577667, 0.565119, 0.768979, 0.298851, -0.229963, -0.777648, 0.375533, 0.50422, 0.454642, 965.644, 1228.15, 767.288, 373.723
204, 344, 0, 0, 452, 0, 0.341327, -0.504862, 0.79285, -0.569042, 0.543371, 0.794262, 0.271836, -0.214214, -0.76697, 0.338027, 0.54543, 0.429558, 965.644, 1228.15, 767.288, 373.723
205, 342, 0, 0, 460, 0, 0.399941, -0.493077, 0.772608, -0.558164, 0.520304, 0.816107, 0.251502, -0.202837, -0.75454, 0.301405, 0.582944, 0.414595, 965.644, 1228.15, 767.288, 373.723
206, 340, 0, 0, 391, 0, 0.454163, -0.479302, 0.751003, -0.53913, 0.4988, 0.835249, 0.231424, -0.184596, -0.738197, 0.269496, 0.618415, 0.393518, 965.644, 1228.15, 767.288, 373.723
165, 451, 0, 0, 404, 0, -0.625215, -0.423158, 0.655777, -0.475004, 0.488516, 0.443102, 0.751673, -0.496315, -0.608653, 0.790315, -0.0703148, 0.886249, 965.644, 1228.15, 767.288, 373.723
208, 337, 0, 0, 426, 0, 0.516772, -0.442454, 0.732927, -0.521589, 0.45307, 0.86773, 0.204382, -0.155713, -0.726412, 0.226448, 0.648881, 0.338518, 965.644, 1228.15, 767.287, 373.723
209, 332, 0, 0, 503, 1, 0.571538, -0.444732, 0.689607, -0.507544, 0.445258, 0.873996, 0.194621, -0.158414, -0.689268, 0.195819, 0.697542, 0.328931, 965.644, 1228.15, 767.287, 373.723
210, 330, 0, 0, 463, 0, 0.615086, -0.427706, 0.662372, -0.488588, 0.42644, 0.887069, 0.1768, -0.145631, -0.663187, 0.173715, 0.728015, 0.301327, 965.644, 1228.15, 767.287, 373.723
211, 328, 0, 0, 421, 0, 0.66193, -0.408312, 0.628593, -0.464474, 0.406322, 0.900168, 0.156846, -0.12988, -0.629882, 0.15159, 0.761754, 0.273198, 965.644, 1228.15, 767.287, 373.723
212, 327, 0, 0, 491, 0, 0.700532, -0.389471, 0.597969, -0.448066, 0.386915, 0.911376, 0.140321, -0.119509, -0.599626, 0.133064, 0.789141, 0.258998, 965.644, 1228.15, 767.287, 373.723
213, 326, 0, 0, 516, 0, 0.736855, -0.3671, 0.567699, -0.432266, 0.364313, 0.922987, 0.123978, -0.110332, -0.569491, 0.115466, 0.813847, 0.247121, 965.644, 1228.15, 767.287, 373.723
214, 325, 0, 0, 490, 0, 0.773501, -0.33797, 0.536165, -0.414775, 0.334685, 0.936202, 0.107297, -0.102034, -0.538222, 0.096452, 0.837266, 0.237344, 965.643, 1228.15, 767.287, 373.723
215, 323, 0, 0, 390, 0, 0.801702, -0.314581, 0.508245, -0.387968, 0.301679, 0.947009, 0.110291, -0.0922664, -0.516008, 0.0649063, 0.854121, 0.227393, 965.643, 1228.15, 767.287, 373.723
216, 320, 0, 0, 453, 0, 0.773672, -0.349774, 0.52829, -0.371532, 0.326662, 0.934651, 0.140428, -0.10736, -0.542885, 0.0639276, 0.837371, 0.240259, 965.644, 1228.15, 767.287, 373.723
217, 315, 0, 0, 526, 0, 0.796316, -0.339459, 0.500648, -0.330443, 0.315539, 0.939265, 0.134971, -0.105443, -0.516058, 0.0504939, 0.855064, 0.239997, 965.644, 1228.15, 767.287, 373.723
218, 314, 0, 0, 489, 0, 0.823006, -0.316466, 0.47171, -0.301959, 0.289454, 0.948171, 0.1311, -0.102645, -0.48875, 0.0286417, 0.871953, 0.230346, 965.644, 1228.15, 767.287, 373.723
219, 312, 0, 0, 447, 0, 0.850336, -0.291413, 0.438187, -0.28034, 0.263962, 0.956542, 0.123904, -0.0957539, -0.455251, 0.0103047, 0.890303, 0.216579, 965.644, 1228.15, 767.287, 373.723
220, 310, 0, 0, 421, 0, 0.881033, -0.263405, 0.392936, -0.250749, 0.237191, 0.964652, 0.114831, -0.0869338, -0.409294, -0.00796899, 0.912368, 0.194639, 965.643, 1228.15, 767.287, 373.723
221, 308, 0, 0, 455, 0, 0.914271, -0.226973, 0.335548, -0.221114, 0.203373, 0.973521, 0.104383, -0.0869026, -0.350355, -0.0271928, 0.936222, 0.184383, 965.643, 1228.15, 767.287, 373.723
222, 307, 0, 0, 482, 0, 0.92432, -0.216034, 0.314582, -0.199116, 0.192013, 0.975668, 0.10584, -0.0878038, -0.329793, -0.0374263, 0.943311, 0.180197, 965.644, 1228.15, 767.287, 373.723
223, 305, 0, 0, 464, 0, 0.936296, -0.200743, 0.288188, -0.167915, 0.172773, 0.977663, 0.11969, -0.0764468, -0.305777, -0.0622741, 0.950064, 0.167858, 965.644, 1228.15, 767.287, 373.723
225, 300, 0, 0, 617, 0, 0.92097, -0.231871, 0.31313, -0.161642, 0.189496, 0.968755, 0.160017, -0.103547, -0.340449, -0.0880337, 0.936133, 0.217435, 965.644, 1228.15, 767.287, 373.723
224, 303, 0, 0, 487, 0, 0.924409, -0.21778, 0.313112, -0.15538, 0.185329, 0.974, 0.130297, -0.0919818, -0.333347, -0.0624194, 0.940736, 0.187862, 965.644, 1228.15, 767.287, 373.723
226, 298, 0, 0, 539, 0, 0.936979, -0.207507, 0.28109, -0.142869, 0.16515, 0.972017, 0.167059, -0.10048, -0.30789, -0.110109, 0.945029, 0.216124, 965.644, 1228.15, 767.287, 373.723
227, 297, 0, 0, 619, 0, 0.949559, -0.183178, 0.254526, -0.122426, 0.14344, 0.975483, 0.166907, -0.100889, -0.27886, -0.121979, 0.952554, 0.213284, 965.644, 1228.15, 767.287, 373.723
228, 296, 0, 0, 481, 0, 0.962443, -0.152568, 0.224558, -0.101913, 0.116129, 0.979019, 0.167439, -0.100047, -0.245393, -0.135073, 0.959968, 0.207861, 965.644, 1228.15, 767.287, 373.723
229, 295, 0, 0, 515, 0, 0.97202, -0.125128, 0.198795, -0.0813298, 0.091913, 0.981436, 0.168332, -0.101076, -0.216168, -0.145351, 0.965476, 0.205269, 965.644, 1228.15, 767.288, 373.723
176, 434, 0, 0, 357, 0, -0.17326, -0.480211, 0.859871, -0.715495, 0.620936, 0.62443, 0.47384, -0.373292, -0.764473, 0.616023, 0.189991, 0.674208, 965.643, 1228.15, 767.288, 373.723
231, 292, 0, 0, 620, 1, 0.991967, -0.064961, 0.108541, -0.0406685, 0.046485, 0.985228, 0.16482, -0.1126, -0.117645, -0.15845, 0.980333, 0.208727, 965.643, 1228.15, 767.288, 373.722
233, 289, 0, 0, 416, 2, 0.999462, 0.0111356, 0.0308449, -0.00244646, -0.0161533, 0.985732, 0.167544, -0.110416, -0.0285391, -0.167953, 0.985382, 0.199664, 965.643, 1228.15, 767.288, 373.723
232, 291, 0, 0, 510, 0, 0.996997, -0.0371122, 0.0679655, -0.0211399, 0.0254652, 0.985991, 0.164843, -0.114102, -0.0731311, -0.162617, 0.983975, 0.206726, 965.644, 1228.15, 767.287, 373.723
234, 285, 0, 0, 250, 0, 0.996549, 0.00724609, 0.0826948, -0.0390901, -0.0214752, 0.984774, 0.172506, -0.12554, -0.0801857, -0.173686, 0.981531, 0.215697, 965.643, 1228.15, 767.287, 373.723
235, 284, 0, 0, 365, 0, 0.995672, -0.000381473, 0.0929346, -0.0551503, -0.0189146, 0.97823, 0.20666, -0.137503, -0.0909902, -0.207524, 0.973989, 0.228589, 965.643, 1228.15, 767.288, 373.723
236, 283, 0, 0, 608, 0, 0.995931, -0.00733621, 0.0898208, -0.0704199, -0.0147709, 0.969914, 0.242999, -0.145869, -0.0889011, -0.243337, 0.965859, 0.243916, 965.642, 1228.15, 767.288, 373.723
237, 282, 0, 0, 648, 0, 0.996783, 0.000670254, 0.0801391, -0.0936845, -0.0218822, 0.964244, 0.26411, -0.148802, -0.0770967, -0.265014, 0.961157, 0.251858, 965.642, 1228.15, 767.288, 373.722
238, 281, 0, 0, 404, 0, 0.996702, 0.0157109, 0.0796179, -0.118983, -0.0371692, 0.960505, 0.27577, -0.151049, -0.0721408, -0.27782, 0.957921, 0.256026, 965.641, 1228.15, 767.288, 373.722
239, 280, 0, 0, 617, 0, 0.993393, 0.0361461, 0.108919, -0.150203, -0.066741, 0.954058, 0.292093, -0.149748, -0.0933575, -0.297433, 0.950167, 0.263463, 965.641, 1228.15, 767.288, 373.722
240, 279, 0, 0, 569, 0, 0.987492, 0.0503271, 0.149423, -0.169119, -0.0938459, 0.949149, 0.300516, -0.146654, -0.126701, -0.31078, 0.941999, 0.270457, 965.642, 1228.15, 767.288, 373.722
241, 278, 0, 0, 535, 0, 0.979585, 0.0664208, 0.189739, -0.184993, -0.123357, 0.943857, 0.306458, -0.144509, -0.158731, -0.323608, 0.932782, 0.281343, 965.642, 1228.15, 767.288, 373.722
242, 277, 0, 0, 512, 0, 0.971085, 0.0847429, 0.223185, -0.200863, -0.153351, 0.937921, 0.311108, -0.143635, -0.182966, -0.336338, 0.923796, 0.2917, 965.641, 1228.16, 767.288, 373.722
243, 276, 0, 0, 580, 0, 0.960422, 0.104092, 0.258368, -0.222875, -0.186004, 0.930109, 0.316702, -0.139204, -0.207344, -0.352225, 0.912659, 0.308652, 965.642, 1228.15, 767.287, 373.723
244, 275, 0, 0, 565, 0, 0.951669, 0.118688, 0.283264, -0.244391, -0.210867, 0.923073, 0.32167, -0.136425, -0.223295, -0.365854, 0.903488, 0.321579, 965.642, 1228.15, 767.287, 373.723
245, 274, 0, 0, 509, 0, 0.943541, 0.131769, 0.303919, -0.261522, -0.232792, 0.916486, 0.325363, -0.133853, -0.235665, -0.377743, 0.895417, 0.333829, 965.642, 1228.15, 767.287, 373.723
246, 272, 0, 0, 269, 0, 0.930707, 0.148686, 0.33418, -0.282834, -0.264447, 0.904734, 0.333954, -0.13011, -0.25269, -0.399186, 0.881362, 0.351844, 965.643, 1228.15, 767.287, 373.723
247, 267, 0, 0, 326, 0, 0.952742, 0.0991883, 0.287131, -0.254498, -0.192121, 0.928899, 0.316601, -0.134754, -0.235313, -0.356803, 0.904057, 0.333469, 965.642, 1228.15, 767.288, 373.723
248, 266, 0, 0, 375, 0, 0.961772, 0.0749612, 0.263391, -0.231779, -0.15611, 0.940303, 0.302423, -0.139457, -0.224998, -0.33198, 0.91606, 0.319126, 965.642, 1228.15, 767.287, 373.723
249, 265, 0, 0, 394, 0, 0.969596, 0.057432, 0.237876, -0.20403, -0.126948, 0.949087, 0.288302, -0.146329, -0.209207, -0.309735, 0.927522, 0.306834, 965.641, 1228.16, 767.288, 373.722
250, 264, 0, 0, 474, 0, 0.977322, 0.0446531, 0.206998, -0.173085, -0.102593, 0.954976, 0.278379, -0.151388, -0.185248, -0.293303, 0.9379, 0.294411, 965.641, 1228.16, 767.288, 373.722
251, 263, 0, 0, 514, 0, 0.982115, 0.0394098, 0.184109, -0.147453, -0.0898215, 0.957471, 0.274192, -0.154404, -0.165474, -0.285825, 0.943887, 0.285594, 965.641, 1228.16, 767.288, 373.722
252, 262, 0, 0, 494, 0, 0.985687, 0.0363727, 0.164613, -0.123563, -0.0808765, 0.95877, 0.272432, -0.155826, -0.147917, -0.281846, 0.947989, 0.279309, 965.641, 1228.16, 767.288, 373.722
253, 261, 0, 0, 490, 0, 0.989044, 0.0373551, 0.142817, -0.0989187, -0.0755105, 0.959328, 0.272007, -0.156939, -0.126848, -0.279812, 0.951638, 0.273676, 965.641, 1228.16, 767.288, 373.722
254, 260, 0, 0, 493, 0, 0.991815, 0.0454526, 0.119321, -0.0752868, -0.076792, 0.958938, 0.273022, -0.1575, -0.102012, -0.27995, 0.954579, 0.266384, 965.641, 1228.16, 767.288, 373.722
159, 468, 0, 0, 344, 0, -0.780921, -0.374612, 0.499828, -0.36689, 0.384075, 0.343073, 0.857198, -0.585721, -0.492594, 0.861375, -0.124034, 0.936713, 965.641, 1228.16, 767.288, 373.722
255, 259, 0, 0, 503, 0, 0.99319, 0.0594136, 0.100216, -0.0518649, -0.0850486, 0.957637, 0.275134, -0.153596, -0.0796234, -0.281784, 0.956168, 0.259803, 965.64, 1228.16, 767.288, 373.722
257, 255, 0, 0, 517, 0, 0.994319, 0.0538827, 0.0917944, -0.0267381, -0.0771719, 0.958896, 0.273063, -0.173787, -0.0733079, -0.278595, 0.957607, 0.29847, 965.641, 1228.16, 767.287, 373.722
258, 252, 0, 0, 581, 0, 0.997813, 0.0252775, 0.0610693, 0.00456473, -0.0409856, 0.961515, 0.27168, -0.183925, -0.0518517, -0.273589, 0.960448, 0.295891, 965.64, 1228.16, 767.287, 373.722
259, 251, 0, 0, 543, 0, 0.998263, 0.0369533, 0.0458948, 0.0268057, -0.0480524, 0.961338, 0.271148, -0.181031, -0.0341006, -0.272882, 0.961443, 0.287207, 965.641, 1228.16, 767.287, 373.722
260, 250, 0, 0, 533, 0, 0.998351, 0.0479062, 0.031637, 0.0541384, -0.0546834, 0.961326, 0.269929, -0.175916, -0.0174822, -0.271214, 0.96236, 0.277539, 965.641, 1228.16, 767.287, 373.722
261, 249, 0, 0, 498, 2, 0.998546, 0.0514805, 0.0160132, 0.0848696, -0.0538872, 0.962288, 0.266642, -0.174279, -0.00168244, -0.267117, 0.963663, 0.270048, 965.641, 1228.16, 767.287, 373.722
256, 257, 0, 0, 496, 0, 0.993459, 0.0692046, 0.0908244, -0.0246459, -0.0917225, 0.957411, 0.273774, -0.158275, -0.0680098, -0.280314, 0.957496, 0.266763, 965.641, 1228.16, 767.287, 373.722
184, 407, 0, 0, 527, 0, 0.0182927, -0.519624, 0.854199, -0.503222, 0.591027, 0.694714, 0.40995, -0.258796, -0.806444, 0.497356, 0.31982, 0.655944, 965.641, 1228.15, 767.287, 373.722
263, 246, 0, 0, 504, 0, 0.999109, 0.0328098, -0.0265654, 0.145746, -0.0250011, 0.966906, 0.253905, -0.174865, 0.0340168, -0.253015, 0.966864, 0.257727, 965.642, 1228.15, 767.286, 373.722
262, 248, 0, 0, 533, 0, 0.998854, 0.0478562, -0.000324003, 0.108842, -0.0460953, 0.963877, 0.262327, -0.173603, 0.0128663, -0.262011, 0.964979, 0.265355, 965.641, 1228.15, 767.286, 373.722
265, 238, 0, 0, 437, 0, 0.998171, 0.0588167, -0.0139689, 0.144854, -0.0531628, 0.964051, 0.260343, -0.176784, 0.0287792, -0.259124, 0.965415, 0.26218, 965.641, 1228.15, 767.286, 373.722
267, 234, 0, 0, 686, 6, 0.998614, 0.0526284, 0.000623125, 0.0690099, -0.0509094, 0.962856, 0.265172, -0.181432, 0.0133556, -0.264836, 0.964201, 0.283539, 965.641, 1228.15, 767.286, 373.722
268, 233, 0, 0, 592, 22, 0.998383, 0.0558514, 0.0106101, 0.0463675, -0.0566752, 0.963184, 0.262803, -0.183515, 0.00445841, -0.262979, 0.964791, 0.294124, 965.641, 1228.15, 767.286, 373.722
269, 232, 0, 0, 505, 18, 0.998219, 0.0546978, 0.0238136, 0.0223183, -0.0590096, 0.963951, 0.259453, -0.185151, -0.00876364, -0.260396, 0.965462, 0.304998, 965.64, 1228.16, 767.286, 373.722
270, 230, 0, 0, 440, 2, 0.998077, 0.0451622, 0.0424662, 0.00318887, -0.0545126, 0.965583, 0.254317, -0.176439, -0.0295191, -0.256143, 0.966188, 0.310434, 965.64, 1228.16, 767.286, 373.721
266, 236, 0, 0, 541, 0, 0.99809, 0.0615594, -0.00517369, 0.108613, -0.0579929, 0.962529, 0.264905, -0.173443, 0.0212872, -0.264099, 0.964261, 0.267327, 965.64, 1228.16, 767.287, 373.722
207, 339, 0, 0, 415, 0, 0.474897, -0.468366, 0.745055, -0.527429, 0.485193, 0.845664, 0.222352, -0.171584, -0.734208, 0.255901, 0.628851, 0.372995, 965.64, 1228.16, 767.287, 373.721
273, 220, 0, 0, 649, 0, 0.993826, 0.10897, 0.0208645, -0.043463, -0.108539, 0.915906, 0.38644, -0.156466, 0.0230005, -0.386319, 0.922079, 0.395673, 965.64, 1228.15, 767.287, 373.721
272, 222, 0, 0, 564, 1, 0.995743, 0.0896595, 0.0213932, -0.0317251, -0.0915109, 0.933719, 0.346114, -0.169849, 0.0110572, -0.346599, 0.937948, 0.352487, 965.64, 1228.16, 767.287, 373.721
275, 212, 0, 0, 524, 39, 0.994897, 0.100796, -0.00457321, -0.0235759, -0.0935918, 0.938822, 0.331441, -0.152977, 0.0377015, -0.329321, 0.943465, 0.349825, 965.639, 1228.16, 767.287, 373.721
276, 209, 0, 0, 394, 40, 0.996374, 0.0833437, -0.0170972, -0.0100727, -0.0738613, 0.947089, 0.312356, -0.170454, 0.0422255, -0.309961, 0.949811, 0.306144, 965.639, 1228.16, 767.287, 373.721
277, 206, 0, 0, 442, 37, 0.998188, 0.0590005, 0.011807, 0.00255352, -0.0596798, 0.945802, 0.319213, -0.179934, 0.0076666, -0.319339, 0.947609, 0.310462, 965.639, 1228.16, 767.287, 373.721
278, 204, 0, 0, 350, 27, 0.998614, 0.039182, 0.0351389, 0.0085708, -0.0485583, 0.943429, 0.327999, -0.187108, -0.0202994, -0.32925, 0.944024, 0.327888, 965.639, 1228.16, 767.287, 373.721
274, 214, 0, 0, 530, 3, 0.994767, 0.101296, 0.013355, -0.0344521, -0.0992098, 0.926391, 0.363259, -0.145637, 0.0244245, -0.362683, 0.931593, 0.385781, 965.639, 1228.16, 767.287, 373.721
279, 202, 0, 0, 379, 12, 0.998155, 0.0259311, 0.0549023, 0.0199185, -0.0433144, 0.937764, 0.344562, -0.182009, -0.0425505, -0.346304, 0.937157, 0.3629, 965.639, 1228.16, 767.287, 373.721
281, 195, 0, 0, 415, 14, 0.998874, 0.0209885, 0.0425396, 0.0449166, -0.0338795, 0.943339, 0.330096, -0.170122, -0.0332011, -0.331165, 0.942988, 0.357673, 965.638, 1228.16, 767.288, 373.72
282, 193, 0, 0, 442, 15, 0.99938, 0.0273197, 0.0222276, 0.0450106, -0.0328336, 0.951037, 0.30733, -0.174237, -0.0127431, -0.307869, 0.951344, 0.317497, 965.638, 1228.16, 767.288, 373.72
283, 190, 0, 0, 490, 13, 0.999079, 0.0408699, -0.0130853, 0.044341, -0.0356779, 0.96051, 0.275948, -0.191985, 0.0238466, -0.275227, 0.961083, 0.280267, 965.638, 1228.16, 767.289, 373.721
284, 188, 0, 0, 392, 13, 0.998506, 0.0489407, -0.0242898, 0.0507771, -0.0409665, 0.96478, 0.259847, -0.180829, 0.0361515, -0.258464, 0.965344, 0.263466, 965.638, 1228.16, 767.289, 373.721
285, 186, 0, 0, 440, 5, 0.99782, 0.0540237, -0.0379052, 0.0523287, -0.043281, 0.969281, 0.242118, -0.166986, 0.0498209, -0.239949, 0.969506, 0.249292, 965.638, 1228.16, 767.288, 373.721
286, 181, 0, 0, 466, 2, 0.999066, 0.0342296, -0.0263863, 0.0432389, -0.0276779, 0.975631, 0.217666, -0.150589, 0.0331939, -0.216732, 0.975667, 0.236425, 965.638, 1228.16, 767.288, 373.721
287, 179, 0, 0, 409, 2, 0.998939, 0.0349724, -0.0299608, 0.0353166, -0.0286546, 0.981345, 0.190106, -0.135997, 0.0360503, -0.189046, 0.981306, 0.221399, 965.638, 1228.16, 767.288, 373.721
288, 177, 0, 0, 355, 0, 0.998696, 0.0418722, -0.0292166, 0.0308273, -0.0361975, 0.984217, 0.173222, -0.120364, 0.0360087, -0.171939, 0.984449, 0.206178, 965.638, 1228.16, 767.288, 373.721
289, 175, 0, 0, 431, 0, 0.998954, 0.0425001, -0.0168646, 0.0289624, -0.0390628, 0.984957, 0.168326, -0.103681, 0.0237647, -0.167491, 0.985587, 0.194786, 965.639, 1228.16, 767.288, 373.721
290, 173, 0, 0, 440, 0, 0.999465, 0.031601, -0.00842814, 0.0253813, -0.0300237, 0.988717, 0.146755, -0.0882043, 0.0129707, -0.146424, 0.989137, 0.178402, 965.639, 1228.16, 767.288, 373.721
291, 171, 0, 0, 459, 0, 0.999661, 0.025753, -0.00394971, 0.0229476, -0.0250998, 0.992567, 0.119086, -0.075867, 0.00698718, -0.118947, 0.992876, 0.158149, 965.639, 1228.16, 767.289, 373.721
292, 166, 0, 0, 478, 0, 0.999507, 0.0302694, -0.00838298, 0.010993, -0.0294453, 0.995919, 0.0853073, -0.0635098, 0.010931, -0.0850184, 0.996319, 0.149144, 965.639, 1228.16, 767.289, 373.721
271, 224, 0, 0, 557, 0, 0.996901, 0.0717449, 0.0322518, -0.0144137, -0.0781685, 0.949359, 0.304313, -0.173856, -0.00878567, -0.305891, 0.952026, 0.325949, 965.639, 1228.16, 767.289, 373.721
294, 160, 0, 0, 465, 0, 0.999597, 0.024519, -0.014339, 0.0155044, -0.0236003, 0.997854, 0.061071, -0.0256574, 0.0158056, -0.0607079, 0.99803, 0.128602, 965.639, 1228.16, 767.288, 373.721
295, 157, 0, 0, 484, 0, 0.999386, 0.0244051, -0.025127, 0.0183564, -0.0236968, 0.999324, 0.028109, -0.00636127, 0.025796, -0.0274963, 0.999289, 0.108695, 965.639, 1228.16, 767.288, 373.721
296, 152, 0, 0, 329, 0, 0.999371, 0.0133784, -0.0328508, 0.0169617, -0.0137721, 0.999836, -0.0117882, 0.0118351, 0.0326877, 0.0122332, 0.999391, 0.0902843, 965.639, 1228.16, 767.288, 373.721
297, 150, 0, 0, 376, 0, 0.999027, 0.0139881, -0.0418244, 0.023348, -0.0166209, 0.997858, -0.0632779, 0.0315983, 0.0408496, 0.0639115, 0.997119, 0.0695421, 965.639, 1228.16, 767.288, 373.721
230, 293, 0, 0, 495, 0, 0.984897, -0.0870995, 0.149636, -0.0586401, 0.0616351, 0.984013, 0.167091, -0.107609, -0.161797, -0.155345, 0.97452, 0.206527, 965.639, 1228.16, 767.288, 373.721
299, 145, 0, 0, 420, 0, 0.998667, 0.0106454, -0.0504981, 0.0505861, -0.0198016, 0.982641, -0.184455, 0.0865045, 0.0476579, 0.185209, 0.981543, 0.00608049, 965.639, 1228.16, 767.288, 373.721
300, 143, 0, 0, 460, 0, 0.998854, 0.0109548, -0.0465935, 0.0438322, -0.0212126, 0.973952, -0.225759, 0.127818, 0.0429067, 0.226488, 0.973068, -0.00286815, 965.639, 1228.16, 767.288, 373.721
301, 141, 0, 0, 328, 0, 0.998554, 0.0332483, -0.042236, 0.0170243, -0.0426642, 0.968202, -0.246506, 0.152567, 0.0326971, 0.247951, 0.968221, -0.0100012, 965.639, 1228.16, 767.288, 373.722
302, 138, 0, 0, 329, 0, 0.999437, 0.0333128, 0.00390466, -0.0156956, -0.0312439, 0.967002, -0.252845, 0.160197, -0.0121988, 0.252581, 0.967499, 0.00632195, 965.639, 1228.16, 767.288, 373.721
303, 136, 0, 0, 294, 0, 0.999206, 0.0317416, 0.0240745, -0.0564877, -0.0248539, 0.968955, -0.245985, 0.134394, -0.031135, 0.245191, 0.968975, 0.0635685, 965.639, 1228.16, 767.288, 373.721
304, 134, 0, 0, 290, 0, 0.999266, 0.0287883, 0.0252714, -0.047685, -0.0227659, 0.976869, -0.212621, 0.11416, -0.0308078, 0.21189, 0.976808, 0.127434, 965.64, 1228.16, 767.288, 373.721
293, 163, 0, 0, 430, 0, 0.999786, 0.0207095, 0.000241879, 0.00074647, -0.0206296, 0.994761, 0.100123, -0.0441482, 0.00183288, -0.100107, 0.994975, 0.149033, 965.639, 1228.16, 767.288, 373.721
306, 130, 0, 0, 410, 0, 0.997643, 0.020423, 0.0655132, -0.0550038, -0.0089933, 0.985364, -0.170224, 0.0636818, -0.0680308, 0.169234, 0.983225, 0.240445, 965.639, 1228.16, 767.288, 373.721
307, 127, 0, 0, 472, 0, 0.995073, 0.0167178, 0.097729, -0.067076, -0.00104259, 0.987392, -0.158291, 0.0529815, -0.0991431, 0.157409, 0.982544, 0.269523, 965.639, 1228.16, 767.288, 373.721
309, 123, 0, 0, 556, 0, 0.991553, 0.00850958, 0.129422, -0.0820475, 0.000596831, 0.997535, -0.0701611, 0.0395314, -0.1297, 0.0696457, 0.989104, 0.319463, 965.639, 1228.16, 767.289, 373.721
308, 125, 0, 0, 367, 0, 0.992457, 0.0100444, 0.122184, -0.076413, 0.00422554, 0.993243, -0.115975, 0.0444959, -0.122523, 0.115616, 0.985708, 0.292877, 965.639, 1228.16, 767.289, 373.721
310, 118, 0, 0, 428, 0, 0.993276, 0.0238135, 0.113295, -0.0647948, -0.0153214, 0.997047, -0.0752447, 0.0501714, -0.114752, 0.073003, 0.990708, 0.295979, 965.639, 1228.16, 767.289, 373.721
312, 115, 0, 0, 482, 0, 0.997539, 0.0303726, 0.0631962, -0.0448669, -0.0235532, 0.994089, -0.105986, 0.0944441, -0.0660417, 0.104237, 0.992357, 0.208963, 965.639, 1228.16, 767.289, 373.721
305, 132, 0, 0, 342, 0, 0.99917, 0.0154969, 0.0376843, -0.0484134, -0.00847418, 0.983662, -0.179825, 0.0950928, -0.0398553, 0.179356, 0.982977, 0.177117, 965.639, 1228.16, 767.289, 373.721
313, 113, 0, 0, 412, 0, 0.99855, 0.0341447, 0.0416151, -0.0484626, -0.0289116, 0.9923, -0.120438, 0.123291, -0.045407, 0.11906, 0.991848, 0.153055, 965.639, 1228.16, 767.289, 373.721
314, 111, 0, 0, 452, 0, 0.99761, 0.0482066, 0.0495024, -0.0701415, -0.0411982, 0.990131, -0.133954, 0.162435, -0.0554713, 0.131595, 0.98975, 0.0960945, 965.639, 1228.16, 767.289, 373.721
280, 200, 0, 0, 436, 0, 0.998189, 0.0208836, 0.05641, 0.0310081, -0.0395016, 0.934823, 0.35291, -0.164118, -0.0453633, -0.354499, 0.933955, 0.391498, 965.639, 1228.16, 767.289, 373.721
316, 103, 0, 0, 367, 0, 0.998083, 0.0534447, 0.0312109, -0.0623548, -0.0470247, 0.982724, -0.179002, 0.225218, -0.0402384, 0.177191, 0.983354, -0.0391206, 965.639, 1228.16, 767.289, 373.721
317, 101, 0, 0, 348, 0, 0.998546, 0.0532515, 0.00836918, -0.025802, -0.0510102, 0.983656, -0.17268, 0.217751, -0.0174279, 0.172002, 0.984942, -0.0354544, 965.639, 1228.16, 767.289, 373.721
318, 99, 0, 0, 378, 0, 0.998325, 0.0577091, 0.00408054, 0.0208683, -0.056246, 0.984683, -0.165032, 0.213273, -0.0135419, 0.164526, 0.98628, -0.0351087, 965.639, 1228.16, 767.289, 373.721
319, 96, 0, 0, 398, 0, 0.998163, 0.0583147, -0.0164226, 0.0664662, -0.0601999, 0.985152, -0.160781, 0.201743, 0.00680289, 0.161474, 0.986853, -0.0212924, 965.64, 1228.16, 767.289, 373.721
320, 93, 0, 0, 331, 0, 0.996239, 0.0806314, -0.0317132, 0.0933291, -0.0849465, 0.981038, -0.174206, 0.178617, 0.0170654, 0.176244, 0.984198, 0.0139157, 965.64, 1228.16, 767.289, 373.721
321, 91, 0, 0, 330, 0, 0.997549, 0.0666758, -0.0211992, 0.108682, -0.0694834, 0.979598, -0.188572, 0.140877, 0.00819346, 0.189583, 0.98183, 0.0568332, 965.64, 1228.16, 767.289, 373.721
322, 88, 0, 0, 369, 0, 0.998339, 0.0503122, -0.0280707, 0.115179, -0.0542085, 0.985315, -0.161914, 0.109925, 0.0195123, 0.163167, 0.986406, 0.126672, 965.639, 1228.15, 767.289, 373.721
323, 86, 0, 0, 423, 0, 0.996481, 0.0648641, -0.0530905, 0.106689, -0.0721689, 0.986076, -0.149819, 0.0884345, 0.0426334, 0.153124, 0.987287, 0.161419, 965.64, 1228.15, 767.289, 373.721
324, 84, 0, 0, 427, 0, 0.994902, 0.0711371, -0.0714769, 0.11507, -0.0809352, 0.986094, -0.145149, 0.066243, 0.0601575, 0.150194, 0.986825, 0.18763, 965.64, 1228.15, 767.289, 373.721
325, 81, 0, 0, 437, 0, 0.99136, 0.0747313, -0.107803, 0.119004, -0.088453, 0.987731, -0.128701, 0.046339, 0.0968626, 0.137125, 0.985807, 0.227201, 965.639, 1228.16, 767.289, 373.721
326, 77, 0, 0, 399, 0, 0.989552, 0.0804493, -0.119645, 0.123946, -0.0937995, 0.989441, -0.110491, 0.0333141, 0.109492, 0.120559, 0.986649, 0.258117, 965.639, 1228.16, 767.289, 373.721
327, 72, 0, 0, 359, 0, 0.993051, 0.0745652, -0.091043, 0.118037, -0.0870864, 0.985975, -0.14237, 0.0485394, 0.0791503, 0.149309, 0.985618, 0.224628, 965.639, 1228.15, 767.289, 373.721
328, 69, 0, 0, 435, 0, 0.995034, 0.0798857, -0.0593778, 0.114742, -0.0878048, 0.985437, -0.145617, 0.0649926, 0.0468804, 0.150107, 0.987558, 0.194631, 965.64, 1228.15, 767.289, 373.721
329, 66, 0, 0, 488, 0, 0.991897, 0.0915774, -0.0880587, 0.129979, -0.104467, 0.982357, -0.155115, 0.0890931, 0.0723001, 0.163057, 0.983964, 0.156867, 965.64, 1228.15, 767.289, 373.721
330, 64, 0, 0, 410, 0, 0.989166, 0.0863283, -0.118732, 0.164516, -0.10669, 0.978316, -0.177526, 0.10887, 0.100832, 0.18827, 0.976928, 0.109835, 965.64, 1228.15, 767.289, 373.721
331, 61, 0, 0, 392, 0, 0.99049, 0.0831081, -0.109645, 0.181816, -0.105009, 0.971571, -0.212186, 0.128206, 0.0888933, 0.221682, 0.971059, 0.0608254, 965.64, 1228.15, 767.289, 373.721
332, 58, 0, 0, 328, 0, 0.993639, 0.0769407, -0.08223, 0.16086, -0.0945846, 0.966502, -0.238594, 0.139174, 0.0611178, 0.244854, 0.967632, 0.0382551, 965.64, 1228.15, 767.289, 373.721
333, 55, 0, 0, 299, 0, 0.995868, 0.0757049, -0.050157, 0.121051, -0.0856536, 0.966538, -0.241801, 0.144892, 0.0301732, 0.245098, 0.969029, 0.0286497, 965.639, 1228.15, 767.289, 373.721
334, 53, 0, 0, 319, 0, 0.996552, 0.0725634, -0.0402445, 0.0822091, -0.0798679, 0.970353, -0.228116, 0.153045, 0.0224985, 0.230543, 0.972802, 0.0305062, 965.64, 1228.15, 767.289, 373.721
335, 51, 0, 0, 433, 0, 0.995799, 0.080172, -0.0442378, 0.03746, -0.0880973, 0.970572, -0.224118, 0.163659, 0.0249679, 0.227074, 0.973557, 0.0277824, 965.64, 1228.15, 767.289, 373.721
336, 49, 0, 0, 315, 0, 0.996509, 0.0767379, -0.0328701, 0.00142916, -0.0822194, 0.970371, -0.2272, 0.175776, 0.0144613, 0.229109, 0.973293, 0.017094, 965.639, 1228.15, 767.289, 373.721
315, 109, 0, 0, 403, 0, 0.996372, 0.0558528, 0.0642189, -0.0805143, -0.0453287, 0.986871, -0.155021, 0.200781, -0.0720341, 0.151547, 0.985822, 0.0243536, 965.639, 1228.15, 767.289, 373.721
338, 36, 0, 0, 425, 0, 0.998013, 0.0628417, 0.00448451, -0.0850462, -0.0600979, 0.970963, -0.231559, 0.179335, -0.0189058, 0.230829, 0.972811, 0.0171656, 965.639, 1228.15, 767.289, 373.721
340, 29, 0, 0, 353, 0, 0.997842, 0.0572339, 0.0321729, -0.165181, -0.0482985, 0.971801, -0.230805, 0.188889, -0.0444755, 0.228753, 0.972468, 0.0293844, 965.639, 1228.15, 767.289, 373.721
339, 31, 0, 0, 374, 0, 0.998366, 0.0482432, 0.0306112, -0.127165, -0.0399936, 0.972698, -0.228602, 0.187775, -0.0408039, 0.227004, 0.973039, 0.0230526, 965.639, 1228.15, 767.289, 373.721
342, 16, 0, 0, 222, 0, 0.995829, 0.0834239, 0.0369473, -0.0615263, -0.0728824, 0.970945, -0.227935, 0.188387, -0.0548889, 0.224291, 0.972975, 0.027849, 965.639, 1228.15, 767.288, 373.721
