0  8.07685912948348e-06 -4.50191147323825e-06 -2.56211027914326e-06 -2.91109933893217e-05 -2.10463886575655e-05 3.00132894272301e-05 0.999999998904401
0  0.0712856671749006 -0.0256311094687181  0.0268245514282423 -0.0256095340146618 -0.0183583012030094 -0.0141540070312057 0.999403216239298
0    0.10148549461152 -0.0354749629060161  0.0646783639583992 -0.0496968083118326 -0.0255046745358237 -0.0273499495989852 0.998063985462541
0   0.138139505227594 -0.0545660408286229  0.0790098602730871 -0.0620451073919889 -0.0295187930395359 -0.0258552667807987 0.997301634755453
0     0.1691628037369 -0.0799372580770257   0.110099998510136 -0.076105721428708 -0.0460871109461528 -0.028383410433839 0.995629589447098
0   0.182577599957671 -0.0891015343821247   0.127594030366338 -0.0830014406964143 -0.0654347852245606 -0.0424463194407219 0.993492506107052
0  0.197672089686051 -0.103773338535743  0.142466088062039 -0.0874047199004435 -0.0811687794309005 -0.059192832076164 0.991094472195071
0  0.214227741558771 -0.113653878893144   0.15663164677024 -0.0907014674922043 -0.0944107946764108 -0.069511221976239 0.988952999723798
0  0.241132908078134 -0.125815474343759  0.164176521307459 -0.0932670617349318 -0.124539094451303 -0.0915018241976552 0.983574443200454
0    0.2681870184177 -0.124403152229957  0.161783735616627 -0.0909547001343679 -0.14415241076546 -0.119491207792869 0.978094666304942
0  0.253853935571386 -0.111774915523781  0.145572507683573 -0.0824072883023827 -0.132467804326627 -0.115625509970781 0.980964862314409
0  0.276931747895443 -0.121078461049245  0.164326400875867 -0.0908815662398476 -0.159914974607887 -0.154583621856082 0.97070677635824
0  0.301990161980292 -0.128881028570046  0.182566954962884 -0.0986500810364261 -0.183322876893141 -0.184046763918584 0.960618380529035
0  0.332341494551164 -0.149745366077883  0.198474861103611 -0.104608965214654 -0.203105971278502 -0.200795288562958 0.952620690998602
0  0.347467681378346 -0.166995744057039  0.213224336992117 -0.107011171789921 -0.213528133550278 -0.204897834086067 0.949195039431582
0  0.355087268479258 -0.187713013210099  0.244080716256361 -0.11428884758986 -0.235895034983747 -0.219383025319105 0.93976735418317
0  0.363183840284046 -0.201577023613634   0.27250435820209 -0.118681649854135 -0.257038242026236 -0.242532493692643 0.927913787820394
0  0.379731945778016 -0.213953125110883  0.298744308783482 -0.124174221347226 -0.284642171775413 -0.264766014467243 0.912939512992465
0 0.386179258619631 -0.22332198220911 0.314557755367205 -0.128579519502382 -0.300583160135061 -0.274671126191588 0.904252643592708
0  0.391719999573835 -0.233330324859489  0.330382003053243 -0.132829644082926 -0.317205617798889 -0.285399655679353 0.894585892034821
0   0.39943554055749 -0.245960888943516  0.347178717463755 -0.131939882495522 -0.325604045323892 -0.297589606596363 0.887701694896212
0  0.422911985904534 -0.241871953769786  0.327922390047924 -0.111593426035211 -0.314772509156774 -0.295313875296825 0.895128420843649
0  0.438790757278222 -0.256664246964743  0.339858794462257 -0.110880451031491 -0.331974187736611 -0.304670233517869 0.885818668274629
0  0.448054445851989 -0.275862716334307  0.360566268364439 -0.114755415596612 -0.348942214813733 -0.325605397643939 0.871235703089163
0 0.453662306170541 -0.29713853665801 0.381049843321752 -0.121188219939921 -0.365124413758161 -0.347030089942806 0.85531730632546
0 0.457596474963056 -0.31595624457442 0.406983254478607 -0.123689143005934 -0.381738935468835 -0.366394335101732 0.839482919573077
0  0.454841124793329 -0.329465193068691  0.434446000090363 -0.121032639347318 -0.412270141450444 -0.364905664448163 0.825971117373179
0  0.473385843791029 -0.356837461627085  0.459869525167412 -0.135210426489708 -0.450441647397495 -0.390728765735641 0.791297348968771
0   0.47874482603477 -0.376094539372513  0.481001365898077 -0.147009196575635 -0.460865918083969 -0.409109146037269 0.773705763387778
0  0.471306742310307 -0.410285621464122  0.491627609729097 -0.154555528476569 -0.464207673520895 -0.425070030714972 0.761537453740537
0 0.459161584531978 -0.42304973315989 0.486078242061148 -0.154607502735717 -0.456673649659983 -0.443365477022124 0.755627389385139
0  0.461405313218663 -0.414737400936104  0.486186089122751 -0.13146618014829 -0.469659563752036 -0.417266365125617 0.766828089071025
0  0.494464579420214 -0.406933819931769  0.480275419018834 -0.114496156171816 -0.480219983068209 -0.414769257186774 0.764359772212392
0 0.502686280809376 -0.38716715552893  0.50450961705979 -0.109407607870958 -0.496553889088438 -0.422642406676369 0.750225037338736
0  0.471359869601858 -0.387302367912966  0.532406016788009 -0.120713321653545 -0.51839346505301 -0.45034605114422 0.716857687121028
0  0.454087800671066 -0.384409387813372  0.555266088534034 -0.128390101881219 -0.524439868519778 -0.468182783882708 0.699488160673021
0  0.426190964580998 -0.380012046565415   0.57792149330092 -0.134686183764637 -0.515799860767102 -0.489191849783884 0.690290858725928
0  0.420275884196827 -0.389753227909313  0.593667060362406 -0.145468919329205 -0.524314764740357 -0.500572193550706 0.673320354681404
0  0.412011964259159 -0.412517205495513  0.612837952210853 -0.150619402831902 -0.540408146499101 -0.50450596351332 0.656312854869889
0   0.40888010466494 -0.427236327735603   0.62807784213443 -0.156452139471882 -0.546516223367831 -0.504643011717592 0.649752396205688
0  0.402951694035786 -0.442689294497556  0.650283900879091 -0.166547769311325 -0.553850513651127 -0.503355915538457 0.641984634830342
0  0.399562774262708 -0.451213461273792  0.665295936637824 -0.174636491269839 -0.559930600358769 -0.501994363026432 0.635595373007478
0  0.409611782065912 -0.435571383425299  0.637238928991106 -0.165713278294046 -0.54296713993712 -0.502217344272662 0.652306318731667
0  0.410037122603731 -0.424835326608543  0.621849544727446 -0.162166034813973 -0.53518210638588 -0.501616812372078 0.66004762229915
0    0.4105807312316 -0.408602820487737  0.601903179915823 -0.162947266596422 -0.529896804939584 -0.500139701127145 0.665220146853676
0  0.413000243937282 -0.394281151113713  0.582781269163108 -0.171927937894909 -0.528093395114294 -0.498296208756284 0.665777018638355
0  0.418536691462277 -0.377500032756337  0.564937906917269 -0.17871807204924 -0.524710733432651 -0.496170775883128 0.668246255584801
0  0.420013649592894 -0.360944306592826  0.554799592617842 -0.176030217632438 -0.520041648936501 -0.494559610886747 0.673781000868406
0  0.419781952413519 -0.376798148169806  0.565661388510727 -0.167757882709066 -0.52260329416543 -0.495987119381384 0.672859470561401
0 0.418468915649035 -0.39314650776064 0.584445803977312 -0.163362737850137 -0.52524570362775 -0.49546052882359 0.672271099394095
0  0.415340744391923 -0.409339907338687  0.603142767814285 -0.163301775965393 -0.526664610124878 -0.500440076303404 0.667470335249442
0  0.397395184326519 -0.406010852837152  0.604162776404435 -0.168629124062677 -0.519060594013453 -0.507604861558069 0.666691549956102
0  0.368311299566236 -0.380587157736538   0.60913908314059 -0.174381260305102 -0.50413987173089 -0.511428351304333 0.673702610405881
0  0.343203499819793 -0.346225005892921  0.619911275433744 -0.173034448958102 -0.491612990629488 -0.516240729111394 0.679611106828481
0   0.35982053409253 -0.374370530725682  0.600398175959422 -0.197349714533348 -0.500732530475963 -0.506414058173444 0.67369490482046
0  0.378748547188611 -0.414452502128801  0.574940304880156 -0.195591224152827 -0.502535260112123 -0.500378596522835 0.677365223140573
0  0.400838594791743 -0.415527260395054  0.566572967482664 -0.187488854974999 -0.504649999643426 -0.494951118465794 0.682055494406074
0  0.409555795223906 -0.405836090550089  0.566060101461042 -0.172817116960165 -0.505004070426259 -0.492729735987424 0.687257259119357
0  0.424203173790621 -0.394527731335427  0.568289856282659 -0.14610773973309 -0.506432162883737 -0.497885372786952 0.68868653852953
0   0.44163098127847 -0.384745903715583  0.568582514342775 -0.133641999535193 -0.505915964606506 -0.496610870586637 0.692507397745098
0  0.453064507505389 -0.378977111644889   0.56651554064382 -0.118545005199994 -0.507850041533372 -0.486086042250489 0.701253004689422
0   0.46693543567195 -0.373680941961947   0.56823484609452 -0.107967679976578 -0.508803516778341 -0.476616192046131 0.708730531918806
0 0.483337973284831  -0.3729634329733 0.573896785876143 -0.101857559407905 -0.509294559758417 -0.472550445583554 0.711997307137274
0  0.493270189058019 -0.365046161961034    0.5916092111629 -0.0870302992641757 -0.514213795648934 -0.469992172581053 0.712121658908677
0  0.523327686654438 -0.358282886541185  0.605882304887265 -0.0586622872032938 -0.538188477209472 -0.468413795493442 0.698212299555412
0 0.537430338363343 -0.35677826399316 0.610120966586299 -0.0410414448470874 -0.551606896983992 -0.461023094443628 0.693904271059184
0  0.547556694053846 -0.352673288125355  0.617906805411283 -0.0260173764587633 -0.562167306196644 -0.446940829933749 0.695366745325044
0  0.556201154404929 -0.345842535786452  0.629937001533168 -0.021295869923019 -0.564483414965457 -0.434997896653059 0.70120024961531
0  0.553095057380485 -0.331373923063169   0.61774247697552 -0.0216475476132229 -0.542711489865667 -0.437463332170911 0.716673883615166
0   0.57028916045845 -0.315138349562775  0.587774196219116 -0.0129983710065365 -0.544465188146024 -0.439077754397054 0.714562402342813
0  0.573175489372256 -0.299205344591934  0.570310986192707 -0.00759915192140038 -0.54327833447785 -0.439585597791101 0.715231016100175
0  0.577226092247887 -0.278704922728867  0.555035878985596 -0.00449888549838104 -0.54163288637114 -0.43870123752035 0.717045884604782
0  0.590712564487139 -0.249408121759713  0.530643555254745 -0.000776644885417188 -0.539890364593703 -0.439391211648498 0.717950662767064
0  0.585009441865326 -0.262333408828903  0.550654339914791 0.00285550884741489 -0.529839366719141 -0.446793816310381 0.720858777605355
0   0.59120018103607 -0.289040597603884  0.577172268493309 0.00143634755111365 -0.534078773335258 -0.464278034503398 0.706543492968465
0  0.593980131044363 -0.305766692418731  0.593042821464296 0.00325377061661383 -0.545042670424085 -0.471417036548166 0.693313693825459
0 0.592762244536637  -0.3207847068217 0.605054656938453 0.0040077123234577 -0.562142468469514 -0.477704324745371 0.675113591556638
0  0.583455423310233 -0.331904423964293  0.620794631574756 0.000556847037322221 -0.574961781703488 -0.482999936835852 0.660401166351401
0  0.569787153416178 -0.347885486201293  0.646506311289482 -0.0172314881904213 -0.577409376799043 -0.501630825824448 0.643947204343622
0  0.556936060790328 -0.362627321738542  0.663343932091478 -0.0220435048562988 -0.578302100935124 -0.511056859177711 0.635532572442267
0  0.570630318665752 -0.391515045418735  0.652035450447635 -0.0266491700906788 -0.57961146443167 -0.521684724346445 0.625448175644015
0  0.570053919450954 -0.422841071609555  0.674327642192006 -0.0318945042331231 -0.585694170308617 -0.523422538220408 0.618040391842742
0  0.557343800538482 -0.438976698774482  0.693073762463642 -0.0298592254248374 -0.591010716280443 -0.524019765128106 0.612550443354497
0  0.575908161699972 -0.435101489669252  0.686291155119128 -0.0136889490024535 -0.57189163239215 -0.520959942532016 0.633524515509928
0  0.600581825770624 -0.432555645681786  0.689494650175691 -0.0102762941548002 -0.564646911689248 -0.511841699507714 0.647368780173475
0  0.582179952581026 -0.443330506651415  0.699454466777692 -0.021160177687272 -0.574380534671103 -0.511575096351698 0.638694112282189
0  0.557380260501776 -0.461640490105326  0.722431389425007 -0.0271445839827039 -0.589938960061946 -0.516353834510054 0.6201724861264
0   0.54117687722525 -0.470552748065777  0.731315827116233 -0.0284684029472614 -0.598027176690809 -0.519226991984279 0.609882264677216
0   0.52117195907862 -0.480272943834068   0.74784662422497 -0.0293334990583665 -0.60727583244732 -0.526991767612783 0.593831024809888
0  0.499176464635568 -0.488501393930392  0.772885020483285 -0.0328869897383884 -0.623713023813273 -0.545789323664027 0.558582602670379
0  0.485356492820424 -0.504558988416574  0.787146054156887 -0.037581115580295 -0.634877513340097 -0.553379444000486 0.537856294715
0  0.500122814006405 -0.498591972226327   0.77250471196791 -0.0247062939033135 -0.624796924353947 -0.554211404968141 0.549425264219485
0  0.484742478066718 -0.504402239424384  0.798619853231919 -0.0164953058323707 -0.629103143631457 -0.582831807239251 0.514066361502816
0  0.462334442971008 -0.518170368614875  0.816555332835063 -0.0140648099323586 -0.645561982022595 -0.589341816141135 0.48551841595978
0  0.441234678126473 -0.527389468793227  0.829815972273125 -0.00948729939917641 -0.655744729714218 -0.596446738585859 0.462774381996702
0  0.414708609388065 -0.530243201305993  0.846419255868101 0.00166960384895831 -0.670452389893637 -0.600579363210535 0.435654948089112
0   0.40856942187531 -0.532583312539015  0.857769019584182 0.0103172914591363 -0.68961786799285 -0.603479740201762 0.400166156499968
0 0.394868410928949 -0.53861754162155 0.868336543480316 0.0155436944668512 -0.697051594103688 -0.604546691978411 0.385228199821598
0  0.404305350971351 -0.521503037050455  0.864941434056213 0.0375842170782753 -0.695171902480624 -0.603807150984957 0.388252980732296
0  0.394020072033541 -0.527198344037227  0.876800417439836 0.0353829093549611 -0.716196913634764 -0.603389653276149 0.348899637352788
0  0.375514352392955 -0.538531772306188  0.893755610074191 0.0334908233466258 -0.727510385943864 -0.60775167768568 0.316614752286775
0 0.365181792337941 -0.54764907280201 0.904224743316872 0.0317549433777081 -0.733061403270965 -0.609603043206083 0.299994553816174
0  0.349877176623435 -0.559522855193327  0.918545858126583 0.0302568388604668 -0.739852184562576 -0.611048879356282 0.27986163677358
0  0.335999931929034 -0.568368751983925  0.931111040751156 0.0294233156140414 -0.745843678962224 -0.612236282369951 0.260803009185466
0  0.323324384601806 -0.575936608126722  0.942920581733402 0.0288101538066695 -0.751491366169553 -0.613425246663586 0.241122724698386
0  0.304909238063582 -0.584380727038926  0.957204587714529 0.02955505610921 -0.757135782599721 -0.614362885100283 0.220068513824096
0    0.2809459334401 -0.594173282612664   0.97471775323576 0.0370050715667431 -0.765846821734554 -0.612844775274445 0.191129672568751
0  0.259669412415775 -0.591794515026635  0.986720192005874 0.0436127322033061 -0.774600730683625 -0.605002734785491 0.179062359294842
0  0.270731397895531 -0.588636236126833  0.989637809808183 0.0530248774782181 -0.769943631953242 -0.602441556817283 0.203566540970365
0  0.274768065505803 -0.595401582148481   1.00255834774346 0.0416302326714612 -0.778921369766653 -0.597923292313316 0.184488915541738
0    0.2605759953946 -0.601488962793767   1.01003768681113 0.0405051790127767 -0.789988139108767 -0.593575186070663 0.148143744457157
0   0.24434746940436 -0.602353517179564   1.01945188015704 0.0388857423989519 -0.794803645575508 -0.591871081513691 0.128310899325734
0  0.218008576522788 -0.611793816297208   1.02838114560158 0.033958103722767 -0.799961134944075 -0.590219475911718 0.102713193042758
0  0.192087556869405 -0.617865562533491    1.0354594474455 0.029281105630531 -0.803195974775305 -0.588417396881491 0.0882259032541518
0  0.168214239361638 -0.619745257692375   1.03811642785142 0.0233442360649656 -0.806211772550918 -0.586309535706602 0.0756224357076622
0  0.144632246063936 -0.628075113691171   1.04303681818562 0.0172382438133767 -0.808759720606633 -0.584563922518691 0.0624145637177211
0  0.119682097103975 -0.632157782952429   1.04726688895061 0.0130563147453587 -0.80976504973618 -0.58467200587188 0.0476313176469432
0 0.0834199514141207 -0.624671926673339   1.04676956566726 0.00759554117567072 -0.806872984793722 -0.590163472120323 0.0246042748156397
0  0.050572563046489 -0.613539688458805   1.02402277856286 -0.00749321197796834 -0.804137834979379 -0.594391401188714 0.00224862665823167
0 0.0274803824012923  -0.61279914157623   1.01813013421576 -0.0144660914217332 -0.8024190877472 -0.596488079304392 -0.0107847608080642
0 0.00611219137174138  -0.622062939647212    1.01658346228379 -0.0184011253152744 -0.801662495606565 -0.596847484424517 -0.0277798859088971
0 0.00932619731685713  -0.622863579715481    1.02800519007925 -0.00378200073444931 -0.817090888487174 -0.575817891844347 -0.0279630444268353
0 0.0281667806056938 -0.630123565532361   1.03238756867524 0.00103480106008702 -0.826519752223255 -0.562709749590515 -0.0148918127625662
0   0.03530058735406 -0.645484385770321   1.05820462739149 -0.00317154573289908 -0.828195844644385 -0.560121467668794 -0.0185883207416457
0 0.00522473751232813   -0.63781702467761    1.06349667583398 -0.00817012535563692 -0.830723230592942 -0.555345485228312 -0.0377300310287554
0 -0.0235047396433169  -0.640857485541598    1.06672679497216 -0.012290628580393 -0.830369451246409 -0.554110684784641 -0.0574183236722633
0 -0.0556992075235527  -0.639907527849626    1.06321973733558 -0.0175874534416291 -0.828003339184779 -0.55535339710366 -0.0753906897814276
0 -0.092250908245529 -0.623472437834666    1.0573243290118 -0.0174671286650884 -0.823911874939377 -0.560357017946315 -0.0828500705394438
0 -0.101262757149145 -0.616141864446972   1.07078990785232 -0.0161851722352678 -0.834102086699726 -0.546241583117641 -0.0750458662153405
0 -0.117890050388752 -0.601385242370475   1.07146175611058 -0.0154617139360967 -0.853787152165038 -0.51528228999648 -0.0727502289759681
0 -0.139733024584512 -0.593694106212183   1.06968434088625 -0.0234120551358211 -0.853701104469596 -0.512811698696429 -0.0875811713885547
0 -0.122333160536335 -0.608593986168621   1.09184748405975 -0.00425947929552839 -0.84471079659087 -0.52147032351676 -0.120475012555609
0 -0.086656243145905 -0.626897832382778   1.11719056513769 0.0129161690621229 -0.845043947159428 -0.518478580772377 -0.130053301481488
0 -0.0513865972575325  -0.645421439294334    1.12332353653958 -0.00880837546280097 -0.846855887925077 -0.517141087154231 -0.12378454501785
0 -0.0322346856290618  -0.619562511144968    1.08723393601445 -0.0221892714722664 -0.844026035894968 -0.525748113407595 -0.103521052019919
0 -0.00928817731278686   -0.602331577422554     1.06388671000268 -0.0299664975019185 -0.840289178333407 -0.532074161753221 -0.09956501492915
0 0.00666155146983438  -0.569754624617724    1.03605921601136 -0.0306904410547919 -0.825177409767211 -0.556549359975246 -0.0916141318186401
0 0.0299311731943203 -0.536953030987527   1.00872627895511 -0.0285754633694513 -0.823567939459796 -0.560962787726817 -0.0789939413684703
0 0.0536419116932585 -0.504598226342877  0.988169185783768 -0.0270670640377242 -0.8225632722696 -0.564231461106273 -0.0655735880929632
0 0.0687115607894036 -0.479595572658028  0.985136089191257 -0.0207200796553574 -0.827408635833015 -0.558741914522072 -0.0526602374114993
0 0.0694162887314533 -0.467427727084971  0.991503742911638 -0.017983970924086 -0.837142157913469 -0.544404958579836 -0.0499282015244851
0 0.0658855945635548 -0.515944307441572   1.00766160253757 -0.0133230743443952 -0.829827327724532 -0.556014929069214 -0.0453486549274879
0 0.0519336399780166 -0.554006095596986   1.02756876145217 -0.0147269969283843 -0.827281457080139 -0.558318815089787 -0.0605690271472987
0 0.0385917756187381 -0.593167059383628   1.04628863202428 -0.0147466405580672 -0.826564026865205 -0.557067036363867 -0.079061767507479
0 0.0226587628619896 -0.644164968127941   1.06003890386347 -0.0251869740554352 -0.828886890097144 -0.552410572844637 -0.0845854524872663
0 -0.000909546091894919    -0.635902975395641      1.05601780590621 -0.0166816204579745 -0.81813480617237 -0.570691677462634 -0.0684702252302468
0 -0.0336283251107001  -0.635004309519828    1.04951039311084 -0.0149929152630737 -0.811797144977477 -0.579068229643246 -0.0737603776845588
0 -0.0594503293531373  -0.636128328842523    1.05188662833776 -0.00936830824773676 -0.807176114196799 -0.585181720725209 -0.0770798884263291
0 -0.0802903428849027  -0.633843390048467    1.03877376669898 -0.0111418751278052 -0.808352436832699 -0.582363172254068 -0.0854127161929269
0 -0.117974744643895 -0.640636711075982   1.03775839419591 -0.00633619227483812 -0.802720917050412 -0.589424982895708 -0.0904277144220512
0 -0.142487934917846 -0.636593893242514   1.02799065992615 -0.00246767826120736 -0.797101030190218 -0.594937705831778 -0.103310137030754
0 -0.167887945108944 -0.636490117446497   1.01844348695077 0.000964872376797266 -0.790571460386182 -0.601306498841178 -0.115872039317172
0 -0.199593156372076 -0.632998811557717   1.00545805314992 0.00590023480049753 -0.784184023586365 -0.606436674796786 -0.131358912307526
0 -0.223800527984742  -0.62580516845537  0.990640956192696 -0.000499543872786729 -0.778698984167404 -0.611970568877828 -0.138273878009981
0 -0.232769591871592 -0.624437199492478  0.984560034588821 -0.0157355508964317 -0.769459582804755 -0.61284849848786 -0.179167688965099
0 -0.250049841003269  -0.62185467014057  0.978550990368964 -0.0172350193221523 -0.763108759842459 -0.606821047977197 -0.221666845722414
0 -0.278981605011293 -0.619116283671183  0.974444959459556 -0.0197007652306762 -0.758425263934364 -0.601944309328557 -0.249130582912622
0 -0.312413722477327 -0.610605126166548  0.964064855361001 -0.0215251982435946 -0.752331123591415 -0.595365567533688 -0.281201684403815
0 -0.340192968044514 -0.600121726382984  0.954797623733479 -0.0186712663706181 -0.748191875546163 -0.585302722658308 -0.311899060639183
0 -0.366889805827901 -0.585721378960743  0.936712529505191 -0.00315543856899806 -0.74967114940919 -0.573108761049048 -0.330952502573657
0 -0.387682253659587 -0.565611032177928  0.925154073168455 0.00424226030830805 -0.745872451527752 -0.55922662763302 -0.361831270381179
0 -0.397306915336604  -0.54982014204882  0.928297315316301 -0.00944478236956999 -0.750489930765422 -0.543607418483133 -0.375721485246463
0 -0.408946443546864 -0.530780255665274  0.925625177276347 -0.0105609795619142 -0.745551001461294 -0.541532525322279 -0.388310048735324
0 -0.423199539870917 -0.520927545251694  0.911429274995707 -0.0161466048289329 -0.741428460847804 -0.53832518898455 -0.400286291923798
0 -0.443209814533337  -0.50936344443653  0.898554696021957 -0.0192001665665508 -0.738534212970284 -0.534551117385645 -0.410431081642142
0 -0.475003685165396 -0.496314851552732  0.886248958216204 -0.0223461201340169 -0.731203158423947 -0.527209229184837 -0.432311254408362
0 -0.507429230541323 -0.484190133879942  0.874704685367941 -0.0288295510100505 -0.724009671463251 -0.513680179451718 -0.459468743066038
0 -0.533429369340889 -0.475548260083645  0.859270351799236 -0.0321704798929954 -0.716837489686284 -0.502295780106196 -0.482501837189485
0 -0.554518677924831 -0.461272936501334  0.834572736980362 -0.0350705292172072 -0.710024334623543 -0.496741619962611 -0.497878765584294
0 -0.57183030478778 -0.45857773164458 0.819851050521025 -0.0398047504644445 -0.701362360512324 -0.491881302059541 -0.514353191670135
0 -0.598598724811072 -0.449740627370375  0.801996610820587 -0.0454668441149094 -0.685943840903123 -0.488371862290149 -0.537500453336138
0 -0.616059143199821 -0.432409564821983  0.782605769950814 -0.0496729321146698 -0.674707246402293 -0.482373362591137 -0.556433886935264
0 -0.636999920686855 -0.418278361322668  0.756858428458919 -0.0545388970119867 -0.663883365905482 -0.471823713918618 -0.577638960052701
0 -0.649498691035277 -0.410398891977227  0.741617530827889 -0.0508852922145903 -0.660076776095267 -0.461924300984698 -0.590199353486356
0  -0.66868725002435 -0.395442326644079  0.722310959210949 -0.0499618315294694 -0.655601466538817 -0.452054602486508 -0.602774558880133
0 -0.693064050464624 -0.384184474249578  0.701346125299836 -0.0540131096454592 -0.647738598531377 -0.442568923222412 -0.617778309878868
0 -0.715494503883201 -0.373291573504434  0.674207620991829 -0.0554934038135658 -0.633975418481042 -0.429773555806451 -0.640539102338376
0 -0.660644007548106 -0.365630360608531  0.678102768957139 -0.043125881081141 -0.628697452496271 -0.430021404236415 -0.646499237048441
0 -0.648649587413323 -0.343403362994061  0.661939580283739 -0.0454311841290371 -0.616617737411998 -0.41709669317007 -0.666144820563918
0 -0.649191823556407 -0.332370209222516  0.634347117657238 -0.0462793563867725 -0.598642748315232 -0.401731936460499 -0.691445248945793
0 -0.646693080280544 -0.317981340327163   0.61110394424406 -0.0445583641493486 -0.577959681920582 -0.379033687640873 -0.721325600468994
0 -0.589788696553082 -0.300729756934324  0.616471945527405 -0.0465665546691937 -0.578430013725847 -0.38100246395093 -0.719782882312908
0 -0.516711313072626 -0.259381111500492  0.654924365272658 -0.0378386409852155 -0.583156454631816 -0.392726919256194 -0.710114324289535
0 -0.466457274319414 -0.242927191852477  0.681831028413688 -0.0421912420177418 -0.588491794394337 -0.386033328929303 -0.709137205330037
0 -0.503222334338881  -0.25879596304015  0.655944419559985 -0.0306520897019829 -0.582366148743448 -0.389491129095884 -0.712886231140874
0 -0.549901962364692 -0.267638695059528  0.635750190129149 -0.0165090144775546 -0.57621437049811 -0.392143834781045 -0.716887483860377
0 -0.632029485180362 -0.305902530206815  0.590000910625624 -0.0237106656897466 -0.567041078320234 -0.387586231663193 -0.726415261992134
0 -0.650630039218969 -0.310508530859241  0.554467063714424 -0.0417354354236602 -0.548677123503547 -0.387194103799901 -0.739792061025571
0  -0.64206948794751 -0.281016169085753  0.514965854387026 -0.0443054815111996 -0.537248043757712 -0.380812836808905 -0.751254382421911
0 -0.641467838177041 -0.262942131738152  0.485869956041345 -0.0515701288517889 -0.531193007857894 -0.380215514556959 -0.755387763141077
0 -0.634426403882799 -0.279924931663642   0.50436847570667 -0.0501476130460939 -0.542135349757743 -0.388690919427774 -0.743299299477149
0 -0.641708924552407  -0.30439756139384  0.542873008321239 -0.0458769279769406 -0.55407195130761 -0.392001827257383 -0.732962582728784
0 -0.651910119835259  -0.32697080611847  0.576571983750362 -0.0410995090633809 -0.566423232098509 -0.389545212010973 -0.725072465546137
0 -0.660074237012328 -0.345991619415113  0.602281995384379 -0.0416842136566976 -0.572442842695493 -0.384526217744803 -0.722987694255859
0 -0.647982056332781 -0.369174539197134  0.630178387107569 -0.0460731725639777 -0.575471246812653 -0.391658889735876 -0.716458945755192
0 -0.646824479705541 -0.389059667249161  0.660583093703681 -0.045057097643744 -0.572460905611986 -0.392911475925635 -0.718247131274303
0 -0.638279534908627 -0.371384915637726  0.627102716697654 -0.0423542724383536 -0.584143096727824 -0.391876474241093 -0.709517996310041
0 -0.633874014264618 -0.349936946713452  0.596333884242718 -0.0399313978904 -0.585814034759103 -0.38897775344315 -0.709875839473425
0  -0.62868791769446 -0.330015683063727  0.569559397834183 -0.0359562144228495 -0.582157295224992 -0.38898693841483 -0.713084283940795
0 -0.617776854579812 -0.308876955365349   0.53938226141195 -0.0422651636787632 -0.559917801122156 -0.38896980626518 -0.730348000435249
0  -0.61424320387243 -0.291210323948747  0.518468277673677 -0.0403383503909745 -0.546057126394768 -0.378848326261075 -0.746102122963342
0  -0.58970759700707 -0.266136327890672  0.506812617228855 -0.021862627510012 -0.526913598654604 -0.357287108367211 -0.770863157289158
0 -0.58346860880336 -0.25175283632949  0.48655231802912 -0.0217802799643073 -0.516951364415983 -0.350506754698385 -0.78066120765921
0 -0.577667484855076 -0.229963356287023  0.454641524893931 -0.0240162955892606 -0.497306043447812 -0.339018887560212 -0.798233117938543
0 -0.569042023244915 -0.214214280763114   0.42955782995469 -0.0202122255557999 -0.476315318343184 -0.320094271828709 -0.81869093105528
0 -0.558164018121624 -0.202837220628274  0.414594751092805 -0.0149140809941721 -0.456404818176835 -0.302859953935044 -0.836509450296608
0 -0.539130253308493 -0.184595985219552  0.393517897974215 -0.0111634058345686 -0.436655272882472 -0.286793994481734 -0.852617590578167
0 -0.527429152377419 -0.171584303760633  0.372995232686396 -0.00976746996307228 -0.430672916411367 -0.27761944301323 -0.858692541286619
0 -0.521589159771982 -0.155712749136704  0.338517614463393 -0.00633501700490376 -0.418950423638667 -0.257088855283685 -0.870830483263794
0  -0.50754365858588 -0.158413973163804  0.328930790645219 -0.000337827469761749 -0.388881687695087 -0.251002217288111 -0.886436013350356
0 -0.488587800777842 -0.145631258289058  0.301327071813517 0.000858117786380436 -0.36877072545315 -0.237623677833631 -0.898633631362326
0 -0.464474103917688 -0.129880132401232  0.273198142643441 0.00144158480784604 -0.34513880574553 -0.223414688044647 -0.911571721680584
0  -0.44806636799506 -0.119508945708833  0.258997822422263 0.00196754876973703 -0.324693433544808 -0.210494818683654 -0.922096651263878
0 -0.432266477306327 -0.110332362439687  0.247120539193034 0.00228340171699399 -0.305075663310475 -0.196217130302892 -0.93189187329216
0 -0.414775330055108 -0.102034060166299  0.237343871303664 0.00287920098611782 -0.285234598445941 -0.178580175166522 -0.941669822755598
0  -0.387968114478912 -0.0922664008515296   0.227393332985104 0.0119552128409962 -0.269808333175771 -0.162335031195859 -0.949056307013171
0 -0.371532157639488 -0.107360490483241  0.240259105362524 0.0203133797996678 -0.284432882958532 -0.17961651386186 -0.941500509634023
0 -0.330443307135922 -0.105443320313086  0.239997426206011 0.0222907557083125 -0.268274324734535 -0.172831741648206 -0.947449839293368
0 -0.301959001224121 -0.102645085934244  0.230345988035209 0.0268399702742174 -0.251600664114583 -0.158725880953608 -0.954349420562658
0    -0.2803395525401 -0.0957539217588289   0.216578983874881 0.0295399775598803 -0.23232671900477 -0.144417910509935 -0.961402700477893
0 -0.250748570903453 -0.086933754587716  0.194639255088516 0.0316728589558974 -0.206912715871204 -0.129114975107863 -0.969284932937296
0   -0.22111435365115 -0.0869026376672727   0.184383195875625 0.0336422911573335 -0.175377011965971 -0.110034253531679 -0.977754346944722
0   -0.19911642046735 -0.0878037532397466    0.18019693894407 0.0365395161094152 -0.164345136796573 -0.104070592323588 -0.980216737047079
0  -0.167915410154458 -0.0764467959156431   0.167858087948135 0.0462844748454578 -0.151081460505584 -0.0950078460396083 -0.982855863731145
0  -0.155379922154933 -0.0919818176181473   0.187862392273768 0.0491781729537623 -0.164965869793588 -0.102866825590767 -0.979686779180496
0 -0.161641997133179 -0.103546882911244  0.217435180360609 0.0634081955036844 -0.167071899682444 -0.107712538017178 -0.977989974505549
0 -0.142868622675822 -0.100480227956575  0.216123805111165 0.0705921289118362 -0.150007508821724 -0.0949121762226414 -0.981583505076098
0 -0.122425655685336 -0.100888758224189  0.213284042539871 0.0733525640527432 -0.135434740942015 -0.0829330573029219 -0.984580591063651
0 -0.101912904394272  -0.10004657490719   0.20786065533958 0.0765774773567127 -0.118962640926481 -0.068017505377088 -0.987601842337162
0 -0.0813298122894308  -0.101075720498442    0.20526886597297 0.0792276872781308 -0.104808381235407 -0.0548185488604606 -0.989814681388494
0 -0.0586401288397714  -0.107608802624878   0.206526709461157 0.0811851748549122 -0.0784146285754701 -0.0374493870712842 -0.992903649312023
0 -0.0406684561000176  -0.112599855822405   0.208727308860412 0.0812500994620228 -0.05684915346759 -0.0280106019298989 -0.994676832577775
0 -0.0211399238221322  -0.114101766121736    0.20672616237746 0.082205174865663 -0.0354207286985147 -0.0157093496708538 -0.995861886777826
0 -0.00244646366320743    -0.11041566467834    0.199663982034233 0.0841844508593632 -0.0149009174434194 0.00684747163438356 -0.996315237776211
0 -0.0390900570325564   -0.12553973349904   0.215696949823494 0.0869527883302291 -0.0409105078887338 0.00721390403385292 -0.995345921041763
0 -0.0551502724151628  -0.137503031774503     0.2285891116538 0.104227097048576 -0.0462836488587887 0.0046637513737057 -0.993465039904408
0 -0.0704199050316841  -0.145868835243709    0.24391574040714 0.122635213019421 -0.0450668645267088 0.00187475281207466 -0.991426279433477
0 -0.0936844701144799   -0.14880156508824   0.251858052272625 0.133586799360446 -0.0396969737090877 0.0056937728958471 -0.990225377510182
0 -0.118982712141904 -0.151049255556273  0.256026168848213 0.139889620818571 -0.0383487188906538 0.0133625500086135 -0.989333973946083
0 -0.150202668613273 -0.149748341787769  0.263462888624723 0.149304513312425 -0.0512291043094665 0.0260574168014985 -0.987119421451033
0 -0.169118776469598 -0.146653658425183  0.270456871640595 0.155196581671245 -0.0701027455792403 0.0366027912662413 -0.984713086016091
0 -0.184993059402537 -0.144509457033968  0.281342781153209 0.160426124238057 -0.0887267366944868 0.0483208385053726 -0.981863596139322
0 -0.200862613893582 -0.143634813081177  0.291699992351443 0.165354407782911 -0.103728843547377 0.0608079179787738 -0.978877236406166
0 -0.222874596993763  -0.13920429660736  0.308651720680643 0.171504310571984 -0.11940256743935 0.0743768281779237 -0.975088398953814
0 -0.244391054652766 -0.136424973649404  0.321579336930495 0.176853606526679 -0.130303307325993 0.0847723171220222 -0.971883482835354
0 -0.261522157149711 -0.133852509034047  0.333828648083658 0.181409437749836 -0.13921910022884 0.0940609741754708 -0.968948497683918
0 -0.282833761176733 -0.130110351162345  0.351843846256691 0.190139400179193 -0.152204380182051 0.107145775941741 -0.963950526661372
0 -0.254498288595523 -0.134753809068733  0.333469499188223 0.173050294625298 -0.134256888806249 0.074860270891323 -0.972843575905316
0 -0.231778847782024 -0.139457285063996  0.319126337138575 0.162334111830636 -0.124971188728999 0.0591274513903126 -0.977002447599752
0 -0.204030476308433 -0.146329332377914  0.306833804395897 0.152469050517846 -0.113983423306225 0.0470074761955368 -0.980587204193134
0 -0.173084899319344 -0.151388381887635  0.294410859864993 0.145297532869677 -0.0996922646449575 0.0374238175419574 -0.983640959493113
0 -0.147452520383154 -0.154403579536874   0.28559413318927 0.142089228518875 -0.0886972513198147 0.032788963991206 -0.985326510648934
0 -0.123562937915019  -0.15582553220758  0.279308942983357 0.140470959766037 -0.0792046509761391 0.0297144996957991 -0.986464181424741
0 -0.0989187181321556  -0.156939258458642   0.273675891127878 0.139712016741149 -0.0682751094898674 0.0285758074617629 -0.987422141249717
0 -0.0752868457570452  -0.157500161578139   0.266384367911209 0.139908467264146 -0.0559998310916947 0.03092935143183 -0.988095650696584
0 -0.0518648538888132  -0.153596125896601   0.259803267058107 0.140876987584554 -0.0454917303438211 0.0365428754358593 -0.988306022998092
0 -0.0246458985703244  -0.158275268337993    0.26676324542229 0.140136377862003 -0.0401713674685973 0.0407006665877029 -0.988479394107301
0 -0.0267381125122583  -0.173786611182211   0.298469512418557 0.139478123079016 -0.0417435213648343 0.0331351144471648 -0.988789864327599
0 0.00456473334849584  -0.183925329787013   0.295891256841613 0.137705136574804 -0.0285176729871531 0.0167344193894955 -0.98992120741805
0 0.0268056558596406 -0.181030870008608  0.287207165642698 0.137369858242814 -0.0201992069000081 0.0214643251600358 -0.990081207190796
0 0.0541384197282995 -0.175915615571541  0.277538875573154 0.136623918152454 -0.0124012362941269 0.0259010745812156 -0.990206669671835
0 0.0848696118555248  -0.17427885760805  0.270047931827355 0.134717038187738 -0.00446625422856887 0.0265941208867755 -0.990517099766253
0  0.108842211063352 -0.173603369104216  0.265355355784751 0.132285363064598 0.00332777381939684 0.0237030388139676 -0.990922638045604
0  0.145745858395714 -0.174865400964596  0.257726518840292 0.127806882289492 0.015274257339712 0.014575534821629 -0.991574329884968
0  0.144853941597024 -0.176784039289436   0.26218010211064 0.131057807152854 0.0107850322731971 0.0282515823477334 -0.990913408102848
0  0.108613482353522 -0.173442971460142  0.267326858639845 0.133510460538352 0.00667822572699288 0.0301727422552057 -0.990565476812501
0 0.0690099220901804 -0.181431525530883   0.28353881141631 0.133750642635743 0.00321311690852306 0.0261283658352574 -0.990665306737365
0 0.0463674724234632 -0.183515320981427  0.294123827134443 0.132672305562568 -0.00155228263625998 0.0283942564691313 -0.990751944714163
0 0.0223183056844293 -0.185151028740067  0.304998224032649 0.131154059161831 -0.00821899807037656 0.0286875482979882 -0.990912753681546
0 0.00318887370306193  -0.176438826614456   0.310434331756175 0.12874890157803 -0.0181562432240199 0.0251401473008554 -0.991192233710561
0 -0.0144136521359545  -0.173856452309041   0.325948550184087 0.15452822992289 -0.0103923479828551 0.0379641464734916 -0.987204005686181
0 -0.0317250748457553  -0.169849493239646   0.352487070777327 0.176121895479536 -0.0026279296799968 0.0460624689283432 -0.983286540574271
0 -0.0434629958378386  -0.156465910842604   0.395672660581735 0.197383978750968 0.000545591971777153 0.0555580037660274 -0.978750517486132
0 -0.0344521047123502   -0.14563703809228   0.385780887607906 0.18492105681102 0.00281976963079999 0.0510752704225996 -0.981421198262185
0 -0.0235759340281264  -0.152977470910222   0.349824530969873 0.167786516095475 0.0107347533902755 0.0493607223044926 -0.984528297805488
0 -0.0100726629565733  -0.170453665560952   0.306144205283098 0.157697221688416 0.0150325636767929 0.0398362707609527 -0.986569145996832
0 0.00255352313192531  -0.179934271763659   0.310462492290979 0.161846148857793 -0.00104942497822134 0.0300804636295193 -0.986356876852871
0 0.0085707976382354 -0.187107520535781  0.327887818062995 0.166703497778341 -0.0140612649022316 0.0222542903803173 -0.985655604771507
0 0.0199184672840599 -0.182008625440268  0.362900475121566 0.175523658046846 -0.0247591900027292 0.0175927452533303 -0.98400656669085
0 0.0310081487340721 -0.164117955476803  0.391497524077367 0.179868745395043 -0.0258772824357205 0.0153537778768223 -0.983230320010863
0 0.0449165916394311 -0.170121944528354  0.357672864642806 0.167739768208677 -0.0192128720151088 0.0139181645782508 -0.98554579822807
0 0.0450106147034185 -0.174237429652117  0.317497102003352 0.155723720411055 -0.00885206219946581 0.0152264742220017 -0.987643619115176
0 0.0443409855385206 -0.191984808411674  0.280266724317574 0.139180902031854 0.00932591179391241 0.0193295780619759 -0.990034378842855
0  0.050777062369797 -0.180829169126248  0.263466249956207 0.130749593027496 0.0152469525938693 0.0226800370910297 -0.991038692623701
0 0.0523286638001599 -0.166986402111625  0.249292227346082 0.121483139624987 0.0221074205885374 0.0245212751553119 -0.992044261011844
0 0.0432388597072533 -0.150589113248968  0.236424745509591 0.109279791153878 0.0149883491437375 0.0155738288994827 -0.99377599713855
0 0.0353165908824505 -0.135996942618081  0.221399052953807 0.0952464955713657 0.0165825909002414 0.0159836797063717 -0.995187241047359
0 0.0308273271523034 -0.120363818215692  0.206177709114829 0.0866445262943901 0.0163732680904946 0.0195975408421434 -0.995911933128727
0 0.0289624426381435 -0.103680944409159  0.194785719022982 0.084276109312258 0.0101962736384175 0.0204689169993241 -0.99618000222849
0  0.0253812683867939 -0.0882042738367864   0.178401664383143 0.0735035373341187 0.00536493259409555 0.0154500354211697 -0.997160841541182
0  0.0229475709697287 -0.0758670108622428   0.158149327809532 0.0596192651612928 0.00273932703461207 0.01273693375985 -0.998136167978809
0  0.0109929508726908 -0.0635098326923698   0.149143634737974 0.0426254157087878 0.00483347785110679 0.0149441056860405 -0.998967659703136
0 0.000746470414454219  -0.0441482098852306    0.149033396736022 0.0501230891570187 0.000398273138660127 0.0103483410443318 -0.998689355680481
0  0.0155044042126013 -0.0256574402762879   0.128601799805053 0.0304619390530523 0.00754040258375519 0.0120366294232459 -0.999435006466219
0   0.0183564065828725 -0.00636127317688997    0.108695116909491 0.0139048082546515 0.0127339287168969 0.0120284928482692 -0.99974987808283
0 0.0169616566451368 0.0118350941708635 0.0902843063058164 -0.00600641729353154 0.0163874846301674 0.0067888060644573 -0.999824627327719
0 0.0233479568327136 0.0315982714664839 0.0695421370327104 -0.0318212190872319 0.0206840035753731 0.00765800572788579 -0.999250187370594
0  0.0505860949856301  0.0865044838819755 0.00608049222544558 -0.0928483356432084 0.0246537373087043 0.00764735729498115 -0.995345617226199
0   0.0438322119507704    0.127818079617765 -0.00286814649718678 -0.113834521641517 0.0225279846869243 0.00809681500541523 -0.993211273181774
0  0.0170242888370137    0.15256704728147 -0.0100011932793795 -0.124631312256948 0.0188874158709934 0.0191342879443661 -0.991838787581777
0 -0.0156955878461575   0.160197356262972 0.00632195303108493 -0.127413184944528 -0.00405952975139782 0.0162741121264655 -0.991707897414851
0 -0.0564877430034525    0.13439410247377  0.0635684893075742 -0.123770518315728 -0.0139121376254466 0.0142613787468293 -0.992110842748322
0 -0.0476850287751783   0.114159701302416   0.127433980167004 -0.106757570753497 -0.0141029938378078 0.0129650357755408 -0.994100515289557
0 -0.0484134478120574  0.0950928452231415   0.177116716469017 -0.0901816168398853 -0.0194682817501119 0.00601854764582929 -0.995716846836528
0 -0.055003809327093 0.0636817574243457  0.240445306198262 -0.0852251028016188 -0.0335278190733413 0.00738530270255148 -0.995770066081839
0 -0.0670760449382665  0.0529814920266584   0.269522688787916 -0.0792724756998128 -0.0494347401560341 0.00445965743177768 -0.995616488673083
0 -0.0764130126093727  0.0444958766006453   0.292876747028156 -0.0581057650331657 -0.0613964578040453 0.00145994692169551 -0.99641962224457
0 -0.0820474881908671  0.0395313567310603    0.31946283087002 -0.0350473891310875 -0.0649578275294988 0.00198360124593037 -0.997270387850677
0 -0.0647947976467171  0.0501713660740299   0.295979406886458 -0.0371501116148426 -0.0571474515607061 0.00980699329667652 -0.997626112764497
0 -0.0448668512091851  0.0944440755007891   0.208963112307497 -0.0526611667601044 -0.0323743262444299 0.0135085194360877 -0.997996104410397
0 -0.0484626406735666   0.123291087565902   0.153054816418605 -0.0600043521139043 -0.021802715913736 0.0157982767798656 -0.997834923099489
0 -0.0701414593227309   0.162434504847533  0.0960944614304333 -0.0665748099540891 -0.0263175684263115 0.0224143457474167 -0.997182419307731
0 -0.0805143240217909    0.20078078779477  0.0243536089082358 -0.0769401006875452 -0.0341957479018411 0.0253937694227123 -0.996125508259943
0 -0.0623548007523592   0.225217872501355 -0.0391205840346995 -0.0894496693446152 -0.0179428726893508 0.0252306334911263 -0.995510032650314
0 -0.0258019825137468   0.217750506543462 -0.0354544094133675 -0.0865267447162265 -0.00647591427742379 0.0261731300082215 -0.995884607898253
0  0.0208682605832899   0.213272945183312 -0.0351086576603274 -0.0827075647795019 -0.00442261783618843 0.0285987873389872 -0.996153606901295
0  0.0664662338803724   0.201743311028342 -0.0212923725331177 -0.0808659618043576 0.00582815231491695 0.0297397709003858 -0.996264159191147
0 0.0933290734107754  0.178616892649281 0.0139157074064929 -0.0880374917935118 0.0122537901317332 0.0415952660236566 -0.995172888753776
0  0.108682255977943  0.140876988128235 0.0568331760945086 -0.0950274672116574 0.00738613161654124 0.034215692867369 -0.994859041219753
0 0.115179040663156  0.10992497241463 0.126672420923077 -0.0815759963219706 0.0119405241396011 0.0262285264690059 -0.99625039277614
0  0.106689180502008 0.0884344623829203  0.161418889393786 -0.0760228984819755 0.0240216938146093 0.0343881072821526 -0.996223336009666
0  0.115069709037962 0.0662429578848761  0.187629873997924 -0.0741343891098734 0.0330417738165566 0.0381719404052448 -0.995969495767847
0  0.119004093525931 0.0463390495836999  0.227201423966547 -0.0667499288028302 0.0513924486355971 0.0409762631207503 -0.99560243525652
0  0.123945900456683 0.0333141455899371  0.258117144135366 -0.0580120332953992 0.0575318862505981 0.0437505055947735 -0.99569602756945
0  0.118037383075806 0.0485393661062927  0.224628388239243 -0.0732442999446016 0.0427376181882541 0.0405926949736797 -0.995570691428788
0  0.114741552824154 0.0649926185318168  0.194630754120325 -0.0742281783264028 0.0266713532469448 0.042091182965577 -0.995995556603984
0  0.129979433594667 0.0890930961046435  0.156867325489695 -0.0799618020311127 0.0403007401831809 0.0492691993097026 -0.994763543037241
0 0.164516176891281 0.108870060499869 0.109835281014927 -0.0920911202818447 0.0552762577043599 0.0485934710128617 -0.993026905715227
0  0.181816413598573  0.128205659621315 0.0608253799641332 -0.109385125999094 0.0500547225521724 0.0474274331720544 -0.991604788987577
0  0.160860423390964  0.139174163434939 0.0382550557705171 -0.121968224554609 0.0361649474191639 0.0432737803250221 -0.990930486317556
0  0.121050842050707  0.144891815594573 0.0286497193261715 -0.12278160452701 0.0202569101457486 0.0406898828876978 -0.991392287952507
0 0.0822090776222177  0.153045379774422 0.0305062489687987 -0.115538843373283 0.0158053092692749 0.038398311177353 -0.992434651536107
0 0.0374599961134379  0.163658613168098 0.0277824080862775 -0.113654628171295 0.017432829289558 0.0423868195628762 -0.992462633798144
0 0.00142916298249514   0.175776169290001    0.01709403943016 -0.114940001468549 0.0119223421936911 0.0400398792677777 -0.992493557604909
0 -0.085046152422661  0.179334556299259 0.0171655567877385 -0.116447530977601 -0.00589060716677212 0.0309610101647125 -0.992696675287073
0 -0.127164996991192  0.187775230845082 0.0230525859703913 -0.114705793430566 -0.0179798436805306 0.0222149718976137 -0.992988318762248
0 -0.165180851952446  0.188888519269058 0.0293843794165766 -0.115729903792963 -0.0193022715114294 0.0265761240629087 -0.992737488620412
0 -0.0615263383968444   0.188387035004317  0.0278489737288556 -0.113917595114719 -0.0231339380468017 0.039374235354609 -0.992440059663034
