0     -0.0414658116993 -0.00793668752080682   0.0102649491803129 0.00414015512247332 0.00329241413000283 0.00724036974711909 0.999959797277212
0 -0.0136659839960895 -0.0130055586470923  0.0336286415530039 -0.00111571094372403 -0.0187692080662731 0.00459016853399048 0.999812683641533
0  0.0204604830321568 -0.0143153955384078  0.0381380275189329 -0.00264872346152693 -0.01987338630341 0.00292026244453253 0.999794731356449
0 0.0578922928787751 -0.014343114414816 0.0476892768920625 -0.0054800967729236 -0.0260747299241567 0.00619907819341177 0.999625754184182
0 0.0925595921982618 -0.015570325898064 0.0633094986703643 -0.00736988630748647 -0.0317895410280298 0.00811789976327724 0.999434444853926
0   0.129045469290704 -0.0114489262048448  0.0707721799155188 -0.00972008098240573 -0.0281900629779776 0.00940496963998159 0.999511073936184
0   0.0957751341200294 -0.00921489669553557   0.0537769207534729 -0.00680432951470302 -0.0174897134719821 -0.00277505797118205 0.999820038844881
0  0.0592031189596845 -0.0116762547586118  0.0503165512983586 -0.0052583334023567 -0.0146704158708338 -0.00540426976523241 0.999863952093639
0  0.0201837610457062 -0.0175017842102256  0.0543543366088513 -0.00380903590337364 -0.0142498716826707 -0.00223019850999184 0.999888723117288
0 -0.0236923034879986 -0.0195304082721199  0.0579798733731591 -0.0072100586834392 -0.0102301788399768 -0.00479424743001327 0.999910182809568
0 -0.0569523700309397 -0.0152856508851183  0.0543376773107673 -0.00948098784549261 0.000500147459495244 -0.00628593516315838 0.999935171769209
0 -0.0998739719476729 -0.0152154728229436  0.0607942820485894 -0.0136164065958792 0.0103587465680572 -0.00707636029850615 0.999828592792725
0   -0.135294909262885 -0.00997268838349743   0.0492384302284648 -0.0081775772622861 0.00463772403692892 -0.0128020207660184 0.99987385554888
0  -0.126317672467032 -0.0282305964749575  0.0942209692890607 -0.0162675895375238 -0.00942711492478163 -0.00354190889235459 0.999816958205967
0  -0.118481515864176 -0.0446781864381929   0.140215305566693 -0.0284139049141781 -0.015626363170653 -0.00768277697756901 0.999444566606623
0   -0.10492344309445 -0.0563314813872972   0.191018909048433 -0.0472772838276897 -0.0202148347826684 -0.00531358013782596 0.998663098724842
0 -0.0692611128924151 -0.0567530840469626    0.20152214935243 -0.0513509532037481 -0.0221485773463528 0.00583381537459902 0.998417991987712
0 -0.0314774860574617 -0.0602219470060636   0.204299035472279 -0.0463465774810922 -0.0175774777209443 0.0153545497841188 0.998652724841667
0 -0.00270221143722365    -0.05935553235317    0.203000692066297 -0.0428655346013834 -0.0163701816209878 0.0258241583797152 0.998612875913891
0  0.0395296323131947 -0.0657523216227974   0.170830844730364 -0.0401240590454072 -0.0344987427658252 0.00814615907251957 0.998565739811688
0  0.0500768121194506 -0.0487256391857465   0.131019613230292 -0.0310256686860957 -0.0400434002435652 0.0055344571001685 0.998700807932046
0  0.0744761504633482 -0.0330974022161584  0.0868823972605669 -0.0154691270587253 -0.0365876968440869 0.0111715938636992 0.999148258287143
0  0.0730165390481487 -0.0107438106550419   0.039927980770348 -0.00623082627243127 -0.0420635185673553 0.00865942000301911 0.999057982128619
0  0.0720913220919371  0.0082650307547634 -0.0323924884931214 0.00651832849281312 -0.0373163687182871 0.00684457263063559 0.999258801234617
0  0.100967901237966 0.0396941542039892  -0.12867937305984 0.0134098764020174 -0.0524158287560476 0.00793935664734351 0.998503741969316
0 -0.0537924799625662  0.0556148873446349   -0.16721005975754 0.0196123278956481 -0.014377961416736 0.0287293934117327 0.999291375312629
0 -0.0938532080267409   0.063843246135533  -0.165614804164129 0.0090201104946977 -0.0454020819810603 0.012515595987309 0.998849662569664
0 -0.142170963960381 0.0562417967703647 -0.157363735726899 0.00994119831006163 -0.0263796285015288 0.0224568151225939 0.999350278546432
0 -0.181842914020245 0.0508952353769229 -0.131004040172522 0.00930703296276965 -0.00556559902751502 0.0255282543891202 0.999615281732297
0  -0.180327029821957  0.0247332943125211 -0.0580785030045005 -0.000607695447592529 -0.00597603124081989 0.0192293272969791 0.999797054770896
0   -0.160598481143686 -0.00268338825419204   0.0116473910077937 -0.0174832795347652 -0.0117319059995926 0.0246804661425471 0.999473647431143
0  -0.135983487167476 -0.0170954413697608  0.0512081003648701 -0.0302491041160703 -0.0197672997193388 0.0302067383389521 0.998890283525124
0  -0.153464613108823 -0.0554046661298626   0.134186610300057 -0.0362162347832281 -0.00776323427711422 0.0353072731918671 0.998689898312504
0  -0.170787932353981 -0.0741982640008866   0.167627429668517 -0.0375716481460788 0.00557029831485375 0.0410538926723221 0.998434735437785
0  -0.185048883068558 -0.0896572889546443   0.196726937557019 -0.0393574196553077 0.0232508513579746 0.0476099531371553 0.99781946452827
0 -0.196579803898356 -0.108053282586378  0.215444349271254 -0.0374364442948808 0.0275471427475486 0.0317512157315948 0.998414507038318
0  -0.171194351448993 -0.0968008818424861   0.187803875804202 -0.0354723842003882 0.0166975069822215 0.0249888488486692 0.998918645662867
0 -0.146005636943243 -0.088394145055575   0.15983806366549 -0.0321168461926689 0.00271704155780729 0.0167847362239405 0.999339481110249
0 -0.120243909860044 -0.072145513902663  0.132117744217567 -0.027729986770412 -0.0184153823955283 0.00681430604085154 0.99942257667021
0 -0.0946048581190134 -0.0594888399535735   0.105445200866245 -0.0213666887629016 -0.0342086772021714 0.00953258750688458 0.999140811292788
0 -0.0711775020814691 -0.0423150037789324  0.0546212940399519 -0.0104336538953804 -0.0380832182630539 -0.00111690991721987 0.999219475323293
0 -0.0373522927785371 -0.0360402273300543   0.050654537382573 -0.0069027149478478 -0.0462762463791231 -0.000963938177627032 0.998904365978344
0  0.0187369630479767 -0.0372677575342929  0.0656154541106929 -0.0138256452487185 -0.05890934889838 -0.0146427976879386 0.99806018286559
0  0.0610618456116458 -0.0440304652445043  0.0892443762814024 -0.0208539489531397 -0.0687400262060952 -0.0270765421669038 0.997049037146383
0   0.090597030239777 -0.0515706020271951   0.107631081141519 -0.0266875619838246 -0.0817646145622859 -0.0357610777777056 0.995652282253708
0   0.120716794926014 -0.0688911583905999   0.136206750072794 -0.0327996724484618 -0.093670478271586 -0.0501944276699769 0.99379602656608
0  0.162541123759033 -0.070966605804163  0.147031719312205 -0.0314144687682548 -0.122611045611557 -0.0637204492163625 0.9899087670072
0   0.184131520291244 -0.0737960756334439   0.161230355267866 -0.0329830189510049 -0.145012528820914 -0.0714517260042738 0.986295157545068
0   0.209657068414645 -0.0737826888278846   0.173662471069958 -0.0411514826337044 -0.162552047300172 -0.0774944233022386 0.982790924740672
0   0.155912843796792 -0.0726982681544209   0.177345157404796 -0.0481518743980665 -0.137697625232205 -0.0638498580613995 0.987240576872174
0   0.127123850475526 -0.0695389666165241   0.170554752865383 -0.0449048055265525 -0.12372859065506 -0.0576454670970749 0.989622046247099
0   0.095963600999145 -0.0631162780711932   0.158913769764793 -0.0417580761272904 -0.109575333281176 -0.0476198785464101 0.991958596203335
0   0.072546130866893 -0.0580797380509429   0.145882541501792 -0.0378533686544022 -0.0955028641708638 -0.0370029023021386 0.994020679180214
0  0.0508300729527513 -0.0521783471657748   0.120509271095558 -0.0294754082600407 -0.0729961062804071 -0.0289167859205468 0.996477088681837
0  0.0211915904813421 -0.0565846644475267   0.120150242446446 -0.0284725378947809 -0.0570844598707081 -0.0224991012014436 0.997709611797053
0 -0.0213275158275502 -0.0638795221070937   0.133705330439664 -0.0341209998480932 -0.0441539904620461 0.000647605800291114 0.998441667350863
0 -0.0714322873196395 -0.0608350919483828   0.135286926081968 -0.0403825616532269 -0.0436134898031397 0.0111546290960035 0.998169668178334
0   -0.11011843707514 -0.0668788629074009   0.147528347990796 -0.043395791962938 -0.0123373746766742 0.0290265475237865 0.998559990168265
0   -0.15419979072281 -0.0737122413301302   0.160023223984423 -0.044155320878418 0.0103817712602267 0.0441137153466056 0.997996245775475
0  -0.184891040839405 -0.0824206678561846   0.170536890145412 -0.0418430208811817 0.0284542318333931 0.0552586970497626 0.997189046617877
