  0.0351418     1.18898   0.0384377   0.0401717
   -1.14412   0.0232494    0.326854   -0.319899
    0.32579  -0.0466033     1.14371 0.000299394
          0           0           0           1
Run5.pcd 28
-0.874074 -0.405622 0.377766
-0.625247 0.187541 0.449952
-0.636256 -0.05562 0.623531
-0.171857 -0.117642 0.704161
-0.66916 0.399369 0.707037
-0.664042 -0.172611 0.709662
0.0979422 0.0292139 0.756356
-0.781304 0.442059 0.765086
0.350935 -0.102693 0.797739
0.153858 0.161424 0.854345
-0.149942 0.206728 0.89412
-0.247864 -0.41793 0.903696
-0.151114 0.0669097 0.915104
-0.0256813 0.0696367 0.922793
-0.871426 0.428874 0.966892
0.214296 0.0919581 0.974748
-0.736284 0.212654 0.997606
0.126305 0.167345 1.00597
-0.152865 0.288641 1.02596
-0.74324 0.0901672 1.09818
-0.382121 -0.280021 1.13945
-0.827556 0.518554 1.18724
0.215697 0.239387 1.20718
-0.969987 0.327823 1.25616
0.139072 -0.245587 1.29576
0.218869 -0.0579201 1.36668
-0.83786 0.154837 1.37937
-0.874779 0.673142 1.39855
MarkRun.pcd 50
0.276068 -0.925309 0.272328
0.863124 -0.922538 0.317081
-0.747273 -0.739048 0.347243
-0.478913 -0.810082 0.406175
0.705862 -0.6372 0.397331
-0.828708 -0.335202 0.419303
-0.322202 -0.781534 0.578156
-0.832996 -0.540031 0.543708
-0.633959 -0.528303 0.580242
-0.453957 -0.355275 0.527267
0.816393 -0.498893 0.58429
-0.618378 -0.630012 0.684694
-0.451458 -0.578768 0.665636
0.134043 -0.675507 0.717434
-0.711228 -0.491679 0.803191
-0.303812 -0.603977 0.827998
-0.222855 -0.133324 0.734333
0.31843 -0.105208 0.785489
0.322039 -0.511163 0.910789
-0.206726 -0.402212 0.903914
0.536068 -0.424662 0.891352
-0.733349 -0.399449 0.931445
0.00286978 -0.39358 0.907485
0.665251 -0.259161 0.864385
0.197082 -0.485066 0.953314
0.606803 -0.450805 0.991991
0.502798 -0.360191 0.995534
0.221713 0.148517 0.874086
-0.233572 0.0804561 0.927564
0.973973 -0.348769 1.04571
0.688522 -0.271677 1.04728
0.287835 -0.341798 1.09467
0.828974 -0.263655 1.05505
0.68089 -0.44798 1.12678
-0.146894 0.2748 1.00579
0.211471 -0.205086 1.15951
-0.525038 -0.268902 1.22309
0.763693 -0.144383 1.2231
-0.0761036 -0.368999 1.32429
-0.156569 -0.167419 1.32444
0.26628 -0.191868 1.34578
0.845553 -0.193846 1.49639
-0.1583 -0.0698234 1.51011
0.374513 -0.0700959 1.49459
0.787623 0.345835 1.45315
0.877908 -0.0466777 1.60396
0.777613 0.304374 1.56844
0.60592 0.415172 1.54373
0.450761 -0.018257 1.69103
0.790464 0.0660299 1.69085
Corr 14
4 1
14 7
1 13
15 14
8 17
24 18
11 19
21 21
9 27
12 28
18 34
0 38
26 40
6 45
Inlie 5
8 17
11 19
9 27
12 28
18 34
