  0.740968   0.108541   0.017397 -0.0610801
 -0.106948   0.739215 -0.0569192  0.0375726
-0.0254156  0.0538191   0.746709 0.00188237
         0          0          0          1
Run5.pcd 28
-0.874074 -0.405622 0.377766
-0.625247 0.187541 0.449952
-0.636256 -0.05562 0.623531
-0.171857 -0.117642 0.704161
-0.66916 0.399369 0.707037
-0.664042 -0.172611 0.709662
0.0979422 0.0292139 0.756356
-0.781304 0.442059 0.765086
0.350935 -0.102693 0.797739
0.153858 0.161424 0.854345
-0.149942 0.206728 0.89412
-0.247864 -0.41793 0.903696
-0.151114 0.0669097 0.915104
-0.0256813 0.0696367 0.922793
-0.871426 0.428874 0.966892
0.214296 0.0919581 0.974748
-0.736284 0.212654 0.997606
0.126305 0.167345 1.00597
-0.152865 0.288641 1.02596
-0.74324 0.0901672 1.09818
-0.382121 -0.280021 1.13945
-0.827556 0.518554 1.18724
0.215697 0.239387 1.20718
-0.969987 0.327823 1.25616
0.139072 -0.245587 1.29576
0.218869 -0.0579201 1.36668
-0.83786 0.154837 1.37937
-0.874779 0.673142 1.39855
run3.pcd 16
-0.152712 -0.0828024 0.681362
0.0986754 -0.0432844 0.775438
0.367382 -0.084596 0.796064
0.176742 -0.115654 0.805237
-0.0890476 0.0253814 0.829247
0.077635 0.0208902 0.87227
-0.145011 0.0723509 0.891854
-0.0326659 0.19748 0.910496
-0.238822 -0.422335 0.905305
-0.154906 0.1133 0.955964
-0.135727 -0.379424 0.920766
-0.0380241 0.0885356 0.956618
0.211494 0.0720232 0.962564
-0.294541 -0.233605 1.05627
0.229067 -0.413825 1.03215
0.11521 -0.368948 1.05039
Corr 11
3 0
6 1
8 2
4 3
1 4
12 6
10 7
11 8
24 10
13 11
15 12
Inlie 4
12 6
11 8
13 11
15 12
