DemoTics 1000
0.000000 -3.535534 5.461017 0.628112 -0.171857 2.529627
0.000000 -3.535534 5.434164 0.651659 -0.176682 2.549226
0.000000 -3.535534 5.406425 0.676470 -0.181672 2.569190
0.000000 -3.535534 5.377827 0.702543 -0.186816 2.589477
0.000000 -3.535534 5.348396 0.729875 -0.192103 2.610049
0.000000 -3.535534 5.318162 0.758464 -0.197524 2.630866
0.000000 -3.535534 5.287157 0.788307 -0.203069 2.651888
0.000000 -3.535534 5.255413 0.819400 -0.208727 2.673077
0.000000 -3.535534 5.222966 0.851741 -0.214490 2.694395
0.000000 -3.535534 5.189854 0.885325 -0.220346 2.715803
0.000000 -3.535534 5.156117 0.920149 -0.226286 2.737265
0.000000 -3.535534 5.121796 0.956209 -0.232299 2.758745
0.000000 -3.535534 5.086936 0.993500 -0.238377 2.780208
0.000000 -3.535534 5.051584 1.032020 -0.244509 2.801619
0.000000 -3.535534 5.015790 1.071761 -0.250684 2.822947
0.000000 -3.535534 4.979606 1.112721 -0.256894 2.844158
0.000000 -3.535534 4.943089 1.154894 -0.263129 2.865224
0.000000 -3.535534 4.906295 1.198274 -0.269378 2.886114
0.000000 -3.535534 4.869288 1.242857 -0.275632 2.906800
0.000000 -3.535534 4.832132 1.288637 -0.281882 2.927258
0.000000 -3.535534 4.794896 1.335608 -0.288117 2.947461
0.000000 -3.535534 4.757650 1.383764 -0.294328 2.967386
0.000000 -3.535534 4.720471 1.433098 -0.300505 2.987012
0.000000 -3.535534 4.683437 1.483605 -0.306639 3.006317
0.000000 -3.535534 4.646633 1.535278 -0.312721 3.025284
0.000000 -3.535534 4.610144 1.588110 -0.318741 3.043894
0.000000 -3.535534 4.574063 1.642094 -0.324689 3.062132
0.000000 -3.535534 4.539171 1.696588 -0.330382 3.079641
0.000000 -3.535534 4.505493 1.751560 -0.335807 3.096450
0.000252 -3.535534 4.472747 1.806975 -0.340949 3.112587
0.001206 -3.535534 4.440391 1.862802 -0.345796 3.128078
0.002851 -3.535534 4.408433 1.919004 -0.350336 3.142950
0.005162 -3.535534 4.376892 1.975550 -0.354556 3.157228
0.008119 -3.535534 4.345788 2.032403 -0.358445 3.170934
0.011698 -3.535534 4.315143 2.089531 -0.361991 3.184093
0.015875 -3.535534 4.284975 2.146899 -0.365184 3.196725
0.020630 -3.535534 4.255306 2.204450 -0.368017 3.208852
0.025939 -3.535534 4.226154 2.262151 -0.370480 3.220494
0.031779 -3.535534 4.197541 2.319965 -0.372564 3.231670
0.038128 -3.535534 4.169487 2.377859 -0.374262 3.242400
0.044963 -3.535534 4.142011 2.435798 -0.375564 3.252701
0.052261 -3.535534 4.115133 2.493746 -0.376465 3.262590
0.060000 -3.535534 4.088874 2.551668 -0.376956 3.272083
0.068157 -3.535534 4.063254 2.609530 -0.377033 3.281197
0.076710 -3.535534 4.038293 2.667296 -0.376689 3.289946
0.085635 -3.535534 4.014011 2.724931 -0.375920 3.298345
0.094910 -3.535534 3.990429 2.782400 -0.374721 3.306409
0.104513 -3.535534 3.967565 2.839668 -0.373088 3.314150
0.114420 -3.535534 3.945441 2.896701 -0.371020 3.321581
0.124609 -3.535534 3.924077 2.953463 -0.368512 3.328716
0.135058 -3.535534 3.903492 3.009920 -0.365564 3.335565
0.145744 -3.535534 3.883707 3.066036 -0.362175 3.342140
0.156643 -3.535534 3.864742 3.121779 -0.358344 3.348453
0.167734 -3.535534 3.846617 3.177139 -0.354075 3.354512
0.178994 -3.535534 3.829352 3.232106 -0.349371 3.360330
0.190400 -3.535534 3.812967 3.286673 -0.344236 3.365915
0.201964 -3.535528 3.797468 3.340831 -0.338674 3.371277
0.215256 -3.535271 3.782196 3.394571 -0.332689 3.376424
0.231019 -3.534638 3.766827 3.447884 -0.326284 3.381365
0.249102 -3.533644 3.751412 3.500762 -0.319464 3.386109
0.268929 -3.532333 3.736309 3.553197 -0.312232 3.390574
0.290692 -3.530702 3.721262 3.605181 -0.304594 3.394863
0.314247 -3.528765 3.706320 3.656705 -0.296553 3.398983
0.339450 -3.526536 3.691529 3.707761 -0.288115 3.402940
0.366160 -3.524028 3.676938 3.758342 -0.279283 3.406741
0.394232 -3.521254 3.662595 3.808440 -0.270062 3.410393
0.423524 -3.518229 3.648546 3.858046 -0.260457 3.413901
0.453895 -3.514965 3.634840 3.907153 -0.250474 3.417270
0.485200 -3.511475 3.621525 3.955754 -0.240116 3.420508
0.517300 -3.507775 3.608646 4.003841 -0.229389 3.423617
0.550051 -3.503875 3.596253 4.051407 -0.218299 3.426604
0.583312 -3.499791 3.584391 4.098444 -0.206850 3.429474
0.616942 -3.495535 3.573109 4.144946 -0.195048 3.432231
0.650800 -3.491122 3.562454 4.190906 -0.182898 3.434880
0.684744 -3.486563 3.552472 4.236316 -0.170405 3.437424
0.718633 -3.481872 3.543210 4.281170 -0.157576 3.439868
0.752328 -3.477064 3.534716 4.325461 -0.144416 3.442217
0.785688 -3.472150 3.527037 4.369183 -0.130931 3.444473
0.818572 -3.467144 3.520218 4.412328 -0.117126 3.446640
0.850840 -3.462060 3.514308 4.454892 -0.103007 3.448723
0.882354 -3.456910 3.509352 4.496867 -0.088582 3.450723
0.912973 -3.451708 3.505397 4.538248 -0.073854 3.452645
0.942557 -3.446468 3.502489 4.579029 -0.058831 3.454492
0.970969 -3.441201 3.500676 4.619203 -0.043520 3.456266
0.998068 -3.435921 3.500003 4.658766 -0.027925 3.457971
1.024382 -3.430326 3.500000 4.697711 -0.012053 3.459608
1.050726 -3.424027 3.500000 4.736063 0.004100 3.461182
1.077087 -3.417063 3.500000 4.773817 0.020531 3.462694
1.103445 -3.409472 3.500000 4.810967 0.037231 3.464147
1.129782 -3.401294 3.500000 4.847507 0.054197 3.465542
1.156081 -3.392570 3.500000 4.883432 0.071420 3.466883
1.182323 -3.383337 3.500000 4.918735 0.088896 3.468172
1.208489 -3.373637 3.500000 4.953412 0.106618 3.469410
1.234563 -3.363509 3.500000 4.987457 0.124580 3.470600
1.260524 -3.352991 3.500000 5.020865 0.142776 3.471743
1.286356 -3.342122 3.500000 5.053631 0.161198 3.472841
1.312040 -3.330944 3.500000 5.085749 0.179841 3.473896
1.337559 -3.319493 3.500000 5.117216 0.198698 3.474910
1.362893 -3.307810 3.500000 5.148025 0.217762 3.475885
1.388026 -3.295934 3.500000 5.178173 0.237028 3.476821
1.412939 -3.283903 3.500000 5.207655 0.256488 3.477721
1.437613 -3.271757 3.500000 5.236466 0.276135 3.478585
1.462033 -3.259534 3.500000 5.264602 0.295962 3.479416
1.486178 -3.247274 3.500000 5.292058 0.315964 3.480214
1.510032 -3.235014 3.500000 5.318832 0.336133 3.480981
1.533576 -3.222794 3.500000 5.344917 0.356462 3.481718
1.556793 -3.210653 3.500000 5.370311 0.376944 3.482427
1.579665 -3.198628 3.500000 5.395010 0.397572 3.483107
1.602175 -3.186760 3.500000 5.419010 0.418339 3.483762
1.624303 -3.175085 3.500000 5.442307 0.439238 3.484390
1.646478 -3.163409 3.500000 5.464898 0.460262 3.485006
1.668225 -3.152013 3.500000 5.486780 0.481404 3.485598
1.689524 -3.140938 3.500000 5.507949 0.502656 3.486166
1.710381 -3.130219 3.500000 5.528403 0.524012 3.486712
1.730935 -3.119833 3.500000 5.548137 0.545463 3.487236
1.751217 -3.109738 3.500000 5.567150 0.567004 3.487740
1.771235 -3.099898 3.500000 5.585438 0.588625 3.488223
1.790995 -3.090276 3.500000 5.602999 0.610321 3.488687
1.810507 -3.080833 3.500000 5.619831 0.632084 3.489133
1.829776 -3.071534 3.500000 5.635930 0.653905 3.489561
1.848812 -3.062340 3.500000 5.651295 0.675779 3.489972
1.867621 -3.053214 3.500000 5.665923 0.697696 3.490366
1.886211 -3.044120 3.500000 5.679812 0.719651 3.490745
1.904590 -3.035019 3.500000 5.692961 0.741635 3.491109
1.922765 -3.025875 3.500000 5.705367 0.763641 3.491458
1.940744 -3.016650 3.500000 5.717029 0.785662 3.491793
1.958534 -3.007307 3.500000 5.727946 0.807689 3.492115
1.976144 -2.997808 3.500000 5.738115 0.829715 3.492423
1.993580 -2.988118 3.500000 5.747535 0.851733 3.492720
2.010850 -2.978197 3.500000 5.756205 0.873735 3.493004
2.027962 -2.968009 3.500000 5.764125 0.895714 3.493277
2.044924 -2.957517 3.500000 5.771292 0.917662 3.493539
2.061742 -2.946683 3.500000 5.777707 0.939571 3.493790
2.078426 -2.935470 3.500000 5.783368 0.961434 3.494030
2.094981 -2.923841 3.500000 5.788275 0.983243 3.494261
2.111416 -2.911759 3.500000 5.792428 1.004990 3.494482
2.127739 -2.899186 3.500000 5.795816 1.026659 3.494695
2.143956 -2.886084 3.500000 5.798440 1.048243 3.494898
2.160076 -2.872418 3.500000 5.800301 1.069733 3.495092
2.176106 -2.858149 3.500000 5.801398 1.091121 3.495279
2.192054 -2.843240 3.500000 5.801734 1.112401 3.495457
2.207926 -2.827551 3.500000 5.801307 1.133563 3.495628
2.223716 -2.810469 3.500000 5.800120 1.154601 3.495791
2.239420 -2.791951 3.500000 5.798173 1.175506 3.495947
2.255035 -2.772062 3.500000 5.795468 1.196272 3.496096
2.270556 -2.750867 3.500000 5.792006 1.216890 3.496238
2.285980 -2.728431 3.500000 5.787788 1.237352 3.496373
2.301305 -2.704818 3.500000 5.782816 1.257652 3.496502
2.316526 -2.680095 3.500000 5.777091 1.277781 3.496624
2.331640 -2.654324 3.500000 5.770617 1.297732 3.496741
2.346643 -2.627572 3.500000 5.763393 1.317497 3.496851
2.361533 -2.599903 3.500000 5.755423 1.337069 3.496956
2.376305 -2.571382 3.500000 5.746710 1.356441 3.497054
2.390956 -2.542074 3.500000 5.737254 1.375605 3.497147
2.405483 -2.512044 3.500000 5.727059 1.394553 3.497234
2.419882 -2.481356 3.500000 5.716128 1.413279 3.497316
2.434149 -2.450076 3.500000 5.704463 1.431776 3.497392
2.448282 -2.418268 3.500000 5.692067 1.450035 3.497463
2.462277 -2.385997 3.500000 5.678944 1.468049 3.497528
2.476130 -2.353329 3.500000 5.665095 1.485812 3.497588
2.489837 -2.320327 3.500000 5.650526 1.503317 3.497642
2.503396 -2.287058 3.500000 5.635238 1.520556 3.497690
2.516803 -2.253585 3.500000 5.619236 1.537522 3.497733
2.530055 -2.219973 3.500000 5.602524 1.554209 3.497770
2.543147 -2.186288 3.500000 5.585104 1.570610 3.497801
2.556076 -2.152594 3.500000 5.566982 1.586717 3.497826
2.568840 -2.118957 3.500000 5.548160 1.602524 3.497845
2.581434 -2.085440 3.500000 5.528644 1.618025 3.497858
2.593855 -2.052109 3.500000 5.508438 1.633212 3.497864
2.606142 -2.018911 3.500000 5.487545 1.648079 3.497863
2.618535 -1.985189 3.500000 5.465971 1.662620 3.497855
2.631048 -1.950847 3.500000 5.443720 1.676828 3.497839
2.643652 -1.915909 3.500000 5.420797 1.690697 3.497816
2.656318 -1.880398 3.500000 5.397207 1.704220 3.497785
2.669015 -1.844335 3.500000 5.372954 1.717392 3.497745
2.681716 -1.807743 3.500000 5.348045 1.730205 3.497696
2.694390 -1.770644 3.500000 5.322483 1.742655 3.497637
2.707009 -1.733061 3.500000 5.296275 1.754735 3.497568
2.719542 -1.695016 3.500000 5.269426 1.766438 3.497488
2.731961 -1.656533 3.500000 5.241941 1.777760 3.497396
2.744237 -1.617632 3.500000 5.213827 1.788695 3.497293
2.756340 -1.578336 3.500000 5.185088 1.799236 3.497175
2.768242 -1.538669 3.500000 5.155731 1.809378 3.497044
2.779911 -1.498652 3.500000 5.125762 1.819116 3.496898
2.791320 -1.458308 3.500000 5.095186 1.828444 3.496735
2.802439 -1.417658 3.500000 5.064011 1.837357 3.496555
2.813239 -1.376727 3.500000 5.032242 1.845850 3.496356
2.823691 -1.335535 3.500000 4.999885 1.853917 3.496137
2.833765 -1.294106 3.500000 4.966948 1.861554 3.495897
2.843431 -1.252462 3.500000 4.933436 1.868755 3.495633
2.852661 -1.210625 3.500000 4.899357 1.875515 3.495343
2.861426 -1.168617 3.500000 4.864718 1.881831 3.495027
2.869696 -1.126462 3.500000 4.829524 1.887696 3.494681
2.877441 -1.084181 3.500000 4.793784 1.893107 3.494304
2.884633 -1.041797 3.500000 4.757503 1.898058 3.493893
2.891243 -0.999333 3.500000 4.720690 1.902547 3.493445
2.897240 -0.956810 3.500000 4.683351 1.906567 3.492957
2.902678 -0.914112 3.500000 4.645494 1.910116 3.492427
2.908028 -0.870447 3.500000 4.607127 1.913188 3.491850
2.913357 -0.825769 3.500000 4.568256 1.915780 3.491223
2.918652 -0.780170 3.500000 4.528889 1.917889 3.490542
2.923900 -0.733746 3.500000 4.489034 1.919510 3.489803
2.929085 -0.686589 3.500000 4.448699 1.920639 3.489001
2.934196 -0.638795 3.500000 4.407891 1.921273 3.488130
2.939218 -0.590458 3.500000 4.366618 1.921409 3.487187
2.944137 -0.541672 3.500000 4.324889 1.921043 3.486164
2.948940 -0.492531 3.500000 4.282711 1.920173 3.485055
2.953613 -0.443129 3.500000 4.240092 1.918794 3.483854
2.958143 -0.393561 3.500000 4.197041 1.916903 3.482554
2.962516 -0.343920 3.500000 4.153565 1.914499 3.481146
2.966717 -0.294302 3.500000 4.109673 1.911578 3.479622
2.970735 -0.244799 3.500000 4.065374 1.908138 3.477973
2.974554 -0.195507 3.500000 4.020676 1.904175 3.476189
2.978161 -0.146520 3.500000 3.975586 1.899688 3.474260
2.981543 -0.097932 3.500000 3.930115 1.894674 3.472175
2.984686 -0.049836 3.500000 3.884270 1.889131 3.469922
2.987575 -0.002328 3.500000 3.838060 1.883057 3.467488
2.990199 0.044498 3.500000 3.791493 1.876449 3.464860
2.992542 0.090549 3.500000 3.744579 1.869307 3.462023
2.994591 0.135730 3.500000 3.697326 1.861628 3.458962
2.996333 0.179947 3.500000 3.649743 1.853410 3.455660
2.997754 0.223106 3.500000 3.601840 1.844653 3.452101
2.998840 0.265112 3.500000 3.553624 1.835355 3.448266
2.999577 0.305871 3.500000 3.505105 1.825514 3.444136
2.999952 0.345289 3.500000 3.456291 1.815129 3.439691
2.999960 0.383437 3.500000 3.407193 1.804200 3.434909
2.999645 0.421231 3.500000 3.357819 1.792725 3.429769
2.999021 0.458808 3.500000 3.308178 1.780705 3.424246
2.998096 0.496142 3.500000 3.258279 1.768137 3.418319
2.996875 0.533208 3.500000 3.208132 1.755022 3.411960
2.995366 0.569980 3.500000 3.157745 1.741359 3.405146
2.993576 0.606433 3.500000 3.107129 1.727148 3.397849
2.991512 0.642540 3.500000 3.056291 1.712389 3.390043
2.989180 0.678277 3.500000 3.005242 1.697081 3.381701
2.986587 0.713618 3.500000 2.953991 1.681226 3.372797
2.983740 0.748537 3.500000 2.902548 1.664823 3.363302
2.980646 0.783008 3.500000 2.850920 1.647872 3.353191
2.977312 0.817007 3.500000 2.799119 1.630374 3.342438
2.973744 0.850508 3.500000 2.747153 1.612330 3.331018
2.969950 0.883485 3.500000 2.695032 1.593740 3.318908
2.965936 0.915912 3.500000 2.642764 1.574605 3.306086
2.961709 0.947764 3.500000 2.590361 1.554926 3.292534
2.957275 0.979016 3.500000 2.537830 1.534704 3.278234
2.952643 1.009641 3.500000 2.485182 1.513941 3.263174
2.947818 1.039615 3.500000 2.432425 1.492638 3.247344
2.942807 1.068911 3.500000 2.379570 1.470796 3.230740
2.937618 1.097505 3.500000 2.326625 1.448418 3.213360
2.932256 1.125370 3.500000 2.273601 1.425503 3.195211
2.926730 1.152481 3.500000 2.220506 1.402056 3.176303
2.921045 1.178813 3.500000 2.167350 1.378077 3.156651
2.915209 1.204339 3.500000 2.114142 1.353568 3.136280
2.909228 1.229035 3.500000 2.060892 1.328532 3.115219
2.903109 1.252875 3.500000 2.007609 1.302972 3.093504
2.896543 1.275841 3.500000 1.954303 1.276889 3.071177
2.887692 1.297983 3.500000 1.900983 1.250286 3.048289
2.876378 1.319358 3.500000 1.847658 1.223167 3.024895
2.862744 1.340017 3.500000 1.794337 1.195533 3.001057
2.846934 1.360010 3.500000 1.741030 1.167388 2.976840
2.829091 1.379391 3.500000 1.687747 1.138735 2.952317
2.809358 1.398210 3.500000 1.634495 1.109577 2.927563
2.787880 1.416518 3.500000 1.581286 1.079917 2.902656
2.764799 1.434368 3.500000 1.528127 1.049759 2.877675
2.740259 1.451811 3.500000 1.475028 1.019107 2.852703
2.714404 1.468897 3.500000 1.421998 0.987964 2.827820
2.687377 1.485680 3.500000 1.369047 0.956333 2.803105
2.659322 1.502209 3.500000 1.316182 0.924219 2.778637
2.630382 1.518537 3.500000 1.263414 0.891627 2.754490
2.600701 1.534715 3.500000 1.210751 0.858559 2.730735
2.570421 1.550794 3.500000 1.158202 0.825020 2.707436
2.539687 1.566827 3.500000 1.105777 0.791015 2.684656
2.508643 1.582864 3.500000 1.053483 0.756548 2.662447
2.477430 1.598956 3.500000 1.001330 0.721624 2.640858
2.446194 1.615156 3.500000 0.949327 0.686247 2.619931
2.415078 1.631515 3.500000 0.897481 0.650422 2.599700
2.384225 1.648085 3.500000 0.845803 0.614155 2.580194
2.353778 1.664916 3.500000 0.794300 0.577450 2.561435
2.323881 1.682060 3.500000 0.742981 0.540312 2.543437
2.294678 1.699569 3.500000 0.691855 0.502746 2.526211
2.266312 1.717494 3.500000 0.640930 0.464759 2.509760
2.238926 1.735887 3.500000 0.590214 0.426355 2.494082
2.212664 1.754799 3.500000 0.539715 0.387540 2.479173
2.187539 1.774303 3.500000 0.489443 0.348319 2.465021
2.162836 1.794535 3.500000 0.439404 0.308700 2.451614
2.138397 1.815450 3.500000 0.389608 0.268686 2.438933
2.114189 1.836980 3.500000 0.340062 0.228285 2.426960
2.090178 1.859055 3.500000 0.290774 0.187502 2.415672
2.066330 1.881606 3.500000 0.241752 0.146343 2.405046
2.042612 1.904562 3.500000 0.193005 0.104816 2.395057
2.018989 1.927855 3.500000 0.144538 0.062925 2.385680
1.995428 1.951414 3.500000 0.096362 0.020678 2.376886
1.971895 1.975170 3.500000 0.048482 -0.021918 2.368650
1.948357 1.999054 3.500000 0.000907 -0.064858 2.360944
1.924779 2.022996 3.500000 -0.046357 -0.108135 2.353741
1.901128 2.046926 3.500000 -0.093301 -0.151741 2.347015
1.877371 2.070776 3.500000 -0.139918 -0.195669 2.340740
1.853472 2.094474 3.500000 -0.186202 -0.239914 2.334890
1.829399 2.117952 3.500000 -0.232145 -0.284467 2.329441
1.805118 2.141140 3.500000 -0.277739 -0.329321 2.324369
1.780595 2.163969 3.500000 -0.322979 -0.374470 2.319651
1.755796 2.186369 3.500000 -0.367857 -0.419906 2.315264
1.730688 2.208270 3.500000 -0.412367 -0.465621 2.311188
1.705236 2.229603 3.500000 -0.456502 -0.511609 2.307403
1.679408 2.250298 3.500000 -0.500255 -0.557861 2.303890
1.653168 2.270286 3.500000 -0.543620 -0.604369 2.300631
1.626484 2.289497 3.500000 -0.586590 -0.651127 2.297609
1.599322 2.307861 3.500000 -0.629159 -0.698126 2.294807
1.571648 2.325309 3.500000 -0.671322 -0.745359 2.292210
1.543428 2.341772 3.500000 -0.713071 -0.792817 2.289805
1.514628 2.357180 3.500000 -0.754402 -0.840493 2.287578
1.485183 2.371546 3.500000 -0.795307 -0.888378 2.285516
1.454897 2.385336 3.500000 -0.835782 -0.936465 2.283608
1.423783 2.398657 3.500000 -0.875820 -0.984745 2.281842
1.391889 2.411536 3.500000 -0.915416 -1.033211 2.280208
1.359263 2.424001 3.500000 -0.954565 -1.081853 2.278697
1.325955 2.436079 3.500000 -0.993262 -1.130663 2.277300
1.292011 2.447796 3.500000 -1.031500 -1.179633 2.276008
1.257481 2.459181 3.500000 -1.069275 -1.228755 2.274814
1.222411 2.470261 3.500000 -1.106572 -1.277999 2.273710
1.186852 2.481063 3.500000 -1.143386 -1.327356 2.272690
1.150850 2.491615 3.500000 -1.179711 -1.376814 2.271748
1.114455 2.501943 3.500000 -1.215543 -1.426363 2.270877
1.077713 2.512075 3.500000 -1.250876 -1.475993 2.270073
1.040675 2.522039 3.500000 -1.285706 -1.525693 2.269330
1.003387 2.531861 3.500000 -1.320029 -1.575452 2.268644
0.965898 2.541570 3.500000 -1.353839 -1.625261 2.268010
0.928256 2.551192 3.500000 -1.387134 -1.675107 2.267425
0.890510 2.560755 3.500000 -1.419909 -1.724982 2.266885
0.852708 2.570286 3.500000 -1.452159 -1.774874 2.266386
0.814897 2.579813 3.500000 -1.483883 -1.824772 2.265926
0.777127 2.589362 3.500000 -1.515076 -1.874666 2.265500
0.739445 2.598961 3.500000 -1.545735 -1.924546 2.265108
0.701900 2.608638 3.500000 -1.575858 -1.974401 2.264746
0.664540 2.618420 3.500000 -1.605440 -2.024220 2.264411
0.627413 2.628333 3.500000 -1.634481 -2.073994 2.264103
0.590567 2.638406 3.500000 -1.662976 -2.123711 2.263818
0.554051 2.648666 3.500000 -1.690925 -2.173361 2.263555
0.517912 2.659140 3.500000 -1.718324 -2.222935 2.263312
0.482126 2.669917 3.500000 -1.745172 -2.272420 2.263088
0.446286 2.681352 3.500000 -1.771468 -2.321808 2.262882
0.410332 2.693430 3.500000 -1.797209 -2.371088 2.262691
0.374280 2.706068 3.500000 -1.822394 -2.420250 2.262515
0.338868 2.718917 3.500000 -1.847023 -2.469283 2.262356
0.303459 2.732123 3.500000 -1.871094 -2.518178 2.262209
0.268067 2.745605 3.500000 -1.894606 -2.566924 2.262073
0.232705 2.759287 3.500000 -1.917559 -2.615512 2.261948
0.197387 2.773090 3.500000 -1.939952 -2.663931 2.261833
0.162127 2.786940 3.500000 -1.961786 -2.712173 2.261726
0.126937 2.800761 3.500000 -1.983059 -2.760226 2.261628
0.091831 2.814479 3.500000 -2.003772 -2.808083 2.261537
0.056822 2.828020 3.500000 -2.023926 -2.855732 2.261453
0.021921 2.841313 3.500000 -2.043520 -2.903164 2.261376
-0.012858 2.854285 3.500000 -2.062555 -2.950370 2.261304
-0.047502 2.866865 3.500000 -2.081033 -2.997341 2.261238
-0.082001 2.878985 3.500000 -2.098954 -3.044068 2.261177
-0.116340 2.890574 3.500000 -2.116319 -3.090540 2.261121
-0.150510 2.901566 3.500000 -2.133129 -3.136750 2.261069
-0.184497 2.911892 3.500000 -2.149387 -3.182689 2.261021
-0.218290 2.921486 3.500000 -2.165092 -3.228347 2.260976
-0.251878 2.930283 3.500000 -2.180249 -3.273715 2.260935
-0.285250 2.938218 3.500000 -2.194857 -3.318786 2.260897
-0.318393 2.945227 3.500000 -2.208920 -3.363550 2.260862
-0.351297 2.951248 3.500000 -2.222440 -3.408000 2.260829
-0.383952 2.956217 3.500000 -2.235419 -3.452127 2.260799
-0.416346 2.960074 3.500000 -2.247859 -3.495923 2.260771
-0.448468 2.962759 3.500000 -2.259764 -3.539379 2.260746
-0.480309 2.964211 3.500000 -2.271137 -3.582489 2.260722
-0.511888 2.964460 3.500000 -2.281979 -3.625244 2.260700
-0.543496 2.964385 3.500000 -2.292304 -3.667672 2.260679
-0.575185 2.964228 3.500000 -2.302116 -3.709768 2.260660
-0.606926 2.963990 3.500000 -2.311416 -3.751527 2.260643
-0.638690 2.963674 3.500000 -2.320209 -3.792946 2.260626
-0.670447 2.963283 3.500000 -2.328498 -3.834020 2.260611
-0.702169 2.962819 3.500000 -2.336287 -3.874745 2.260597
-0.733827 2.962284 3.500000 -2.343579 -3.915116 2.260585
-0.765393 2.961680 3.500000 -2.350377 -3.955129 2.260573
-0.796841 2.961011 3.500000 -2.356685 -3.994780 2.260561
-0.828141 2.960277 3.500000 -2.362507 -4.034065 2.260551
-0.859268 2.959483 3.500000 -2.367846 -4.072980 2.260542
-0.890196 2.958629 3.500000 -2.372706 -4.111520 2.260533
-0.920896 2.957718 3.500000 -2.377090 -4.149682 2.260525
-0.951345 2.956752 3.500000 -2.381001 -4.187462 2.260517
-0.981516 2.955734 3.500000 -2.384445 -4.224856 2.260510
-1.011384 2.954665 3.500000 -2.387423 -4.261860 2.260503
-1.040924 2.953548 3.500000 -2.389940 -4.298469 2.260497
-1.070112 2.952385 3.500000 -2.391999 -4.334682 2.260492
-1.098924 2.951177 3.500000 -2.393605 -4.370493 2.260486
-1.127335 2.949928 3.500000 -2.394760 -4.405898 2.260482
-1.155322 2.948638 3.500000 -2.395469 -4.440895 2.260477
-1.182862 2.947310 3.500000 -2.395735 -4.475480 2.260473
-1.209932 2.945947 3.500000 -2.395562 -4.509649 2.260469
-1.236510 2.944549 3.500000 -2.394954 -4.543398 2.260465
-1.263158 2.943086 3.500000 -2.393914 -4.576724 2.260462
-1.289302 2.941589 3.500000 -2.392446 -4.609624 2.260459
-1.314915 2.940058 3.500000 -2.390554 -4.642094 2.260456
-1.339972 2.938496 3.500000 -2.388242 -4.674130 2.260453
-1.364444 2.936905 3.500000 -2.385513 -4.705730 2.260450
-1.388306 2.935286 3.500000 -2.382371 -4.736889 2.260448
-1.411602 2.933571 3.500000 -2.378821 -4.767605 2.260446
-1.434736 2.931356 3.500000 -2.374865 -4.797874 2.260444
-1.457762 2.928604 3.500000 -2.370507 -4.827692 2.260442
-1.480665 2.925347 3.500000 -2.365752 -4.857058 2.260440
-1.503429 2.921618 3.500000 -2.360603 -4.885967 2.260438
-1.526036 2.917449 3.500000 -2.355064 -4.914416 2.260437
-1.548472 2.912875 3.500000 -2.349139 -4.942402 2.260436
-1.570719 2.907926 3.500000 -2.342832 -4.969921 2.260434
-1.592763 2.902637 3.500000 -2.336146 -4.996972 2.260433
-1.614586 2.897040 3.500000 -2.329085 -5.023550 2.260432
-1.636173 2.891168 3.500000 -2.321654 -5.049652 2.260431
-1.657508 2.885054 3.500000 -2.313855 -5.075276 2.260430
-1.678574 2.878730 3.500000 -2.305693 -5.100418 2.260429
-1.699356 2.872230 3.500000 -2.297172 -5.125076 2.260428
-1.719836 2.865586 3.500000 -2.288295 -5.149245 2.260427
-1.740000 2.858832 3.500000 -2.279067 -5.172924 2.260426
-1.759831 2.851999 3.500000 -2.269491 -5.196110 2.260426
-1.779313 2.845122 3.500000 -2.259571 -5.218798 2.260425
-1.798429 2.838232 3.500000 -2.249311 -5.240987 2.260425
-1.817164 2.831362 3.500000 -2.238715 -5.262673 2.260424
-1.835502 2.824547 3.500000 -2.227788 -5.283839 2.260423
-1.853426 2.817817 3.500000 -2.216533 -5.304481 2.260423
-1.870921 2.811206 3.500000 -2.204956 -5.324595 2.260423
-1.887970 2.804748 3.500000 -2.193060 -5.344176 2.260422
-1.904556 2.798474 3.500000 -2.180851 -5.363222 2.260422
-1.920665 2.792418 3.500000 -2.168332 -5.381729 2.260421
-1.936280 2.786612 3.500000 -2.155509 -5.399692 2.260421
-1.951385 2.781089 3.500000 -2.142385 -5.417110 2.260421
-1.965963 2.775883 3.500000 -2.128967 -5.433977 2.260420
-1.979999 2.771026 3.500000 -2.115258 -5.450291 2.260420
-1.993476 2.766550 3.500000 -2.101263 -5.466048 2.260420
-2.006400 2.762457 3.500000 -2.086988 -5.481246 2.260420
-2.018898 2.758566 3.500000 -2.072436 -5.495881 2.260419
-2.031010 2.754834 3.500000 -2.057614 -5.509950 2.260419
-2.042756 2.751249 3.500000 -2.042525 -5.523450 2.260419
-2.054156 2.747800 3.500000 -2.027176 -5.536378 2.260419
-2.065231 2.744475 3.500000 -2.011570 -5.548732 2.260419
-2.076000 2.741261 3.500000 -1.995714 -5.560509 2.260419
-2.086484 2.738147 3.500000 -1.979612 -5.571705 2.260418
-2.096702 2.735121 3.500000 -1.963269 -5.582320 2.260418
-2.106676 2.732170 3.500000 -1.946691 -5.592349 2.260418
-2.116425 2.729284 3.500000 -1.929883 -5.601791 2.260418
-2.125969 2.726449 3.500000 -1.912850 -5.610644 2.260418
-2.135328 2.723655 3.500000 -1.895598 -5.618905 2.260418
-2.144523 2.720888 3.500000 -1.878131 -5.626572 2.260418
-2.153574 2.718138 3.500000 -1.860456 -5.633643 2.260418
-2.162500 2.715392 3.500000 -1.842577 -5.640116 2.260418
-2.171322 2.712638 3.500000 -1.824501 -5.645989 2.260418
-2.180061 2.709865 3.500000 -1.806232 -5.651261 2.260418
-2.188735 2.707060 3.500000 -1.787776 -5.655930 2.260417
-2.197366 2.704211 3.500000 -1.769139 -5.659994 2.260417
-2.205974 2.701307 3.500000 -1.750326 -5.663451 2.260417
-2.214578 2.698336 3.500000 -1.731342 -5.666301 2.260417
-2.223199 2.695286 3.500000 -1.712194 -5.668542 2.260417
-2.231857 2.692144 3.500000 -1.692887 -5.670172 2.260417
-2.240571 2.688899 3.500000 -1.673427 -5.671191 2.260417
-2.249363 2.685538 3.500000 -1.653819 -5.671597 2.260417
-2.258253 2.682051 3.500000 -1.634069 -5.671390 2.260417
-2.267260 2.678425 3.500000 -1.614182 -5.670568 2.260417
-2.276404 2.674648 3.500000 -1.594165 -5.669131 2.260417
-2.285707 2.670708 3.500000 -1.574023 -5.667078 2.260417
-2.295187 2.666593 3.500000 -1.553762 -5.664408 2.260417
-2.304854 2.662291 3.500000 -1.533387 -5.661122 2.260417
-2.314650 2.657799 3.500000 -1.512905 -5.657217 2.260417
-2.324552 2.653120 3.500000 -1.492321 -5.652695 2.260417
-2.334549 2.648261 3.500000 -1.471641 -5.647555 2.260417
-2.344629 2.643226 3.500000 -1.450871 -5.641796 2.260417
-2.354779 2.638021 3.500000 -1.430017 -5.635419 2.260417
-2.364988 2.632652 3.500000 -1.409084 -5.628424 2.260417
-2.375243 2.627123 3.500000 -1.388078 -5.620810 2.260417
-2.385532 2.621440 3.500000 -1.367005 -5.612578 2.260417
-2.395843 2.615608 3.500000 -1.345872 -5.603728 2.260417
-2.406165 2.609633 3.500000 -1.324683 -5.594261 2.260417
-2.416484 2.603521 3.500000 -1.303445 -5.584177 2.260417
-2.426790 2.597276 3.500000 -1.282163 -5.573476 2.260417
-2.437069 2.590904 3.500000 -1.260844 -5.562160 2.260417
-2.447310 2.584410 3.500000 -1.239493 -5.550228 2.260417
-2.457500 2.577799 3.500000 -1.218116 -5.537683 2.260417
-2.467628 2.571078 3.500000 -1.196718 -5.524524 2.260417
-2.477682 2.564251 3.500000 -1.175307 -5.510753 2.260417
-2.487649 2.557324 3.500000 -1.153887 -5.496370 2.260417
-2.497517 2.550302 3.500000 -1.132465 -5.481378 2.260417
-2.507274 2.543191 3.500000 -1.111045 -5.465777 2.260417
-2.516909 2.535995 3.500000 -1.089635 -5.449569 2.260417
-2.526409 2.528720 3.500000 -1.068239 -5.432755 2.260417
-2.535761 2.521373 3.500000 -1.046864 -5.415336 2.260417
-2.544955 2.513957 3.500000 -1.025516 -5.397315 2.260417
-2.553977 2.506478 3.500000 -1.004199 -5.378693 2.260417
-2.562816 2.498942 3.500000 -0.982921 -5.359472 2.260417
-2.571460 2.491355 3.500000 -0.961686 -5.339654 2.260417
-2.579896 2.483720 3.500000 -0.940500 -5.319240 2.260417
-2.588113 2.476045 3.500000 -0.919369 -5.298233 2.260417
-2.596098 2.468333 3.500000 -0.898299 -5.276636 2.260417
-2.603902 2.460583 3.500000 -0.877296 -5.254450 2.260417
-2.611876 2.452746 3.500000 -0.856364 -5.231677 2.260417
-2.620051 2.444811 3.500000 -0.835510 -5.208321 2.260417
-2.628396 2.436774 3.500000 -0.814739 -5.184383 2.260417
-2.636878 2.428633 3.500000 -0.794056 -5.159867 2.260417
-2.645464 2.420385 3.500000 -0.773468 -5.134774 2.260417
-2.654123 2.412027 3.500000 -0.752980 -5.109108 2.260417
-2.662823 2.403555 3.500000 -0.732598 -5.082872 2.260417
-2.671530 2.394967 3.500000 -0.712325 -5.056068 2.260417
-2.680213 2.386260 3.500000 -0.692170 -5.028700 2.260417
-2.688840 2.377430 3.500000 -0.672135 -5.000770 2.260417
-2.697378 2.368475 3.500000 -0.652228 -4.972283 2.260417
-2.705795 2.359392 3.500000 -0.632453 -4.943240 2.260417
-2.714060 2.350177 3.500000 -0.612816 -4.913647 2.260417
-2.722139 2.340828 3.500000 -0.593327 -4.883522 2.260417
-2.730000 2.331341 3.500000 -0.573993 -4.852873 2.260417
-2.737612 2.321714 3.500000 -0.554820 -4.821707 2.260417
-2.744941 2.311943 3.500000 -0.535813 -4.790032 2.260417
-2.751957 2.302026 3.500000 -0.516979 -4.757853 2.260417
-2.758626 2.291959 3.500000 -0.498322 -4.725180 2.260417
-2.764917 2.281740 3.500000 -0.479849 -4.692018 2.260417
-2.770796 2.271365 3.500000 -0.461564 -4.658377 2.260417
-2.776233 2.260832 3.500000 -0.443474 -4.624263 2.260417
-2.781194 2.250136 3.500000 -0.425582 -4.589686 2.260417
-2.785648 2.239277 3.500000 -0.407895 -4.554652 2.260417
-2.789562 2.228249 3.500000 -0.390417 -4.519171 2.260417
-2.792904 2.217051 3.500000 -0.373153 -4.483249 2.260417
-2.795641 2.205679 3.500000 -0.356108 -4.446898 2.260417
-2.797743 2.194131 3.500000 -0.339286 -4.410123 2.260417
-2.799175 2.182402 3.500000 -0.322692 -4.372935 2.260417
-2.799907 2.170491 3.500000 -0.306330 -4.335343 2.260417
-2.800000 2.158365 3.500000 -0.290204 -4.297354 2.260417
-2.800000 2.145851 3.500000 -0.274320 -4.258979 2.260417
-2.800000 2.132936 3.500000 -0.258679 -4.220227 2.260417
-2.800000 2.119634 3.500000 -0.243288 -4.181106 2.260417
-2.800000 2.105964 3.500000 -0.228148 -4.141626 2.260417
-2.800000 2.091939 3.500000 -0.213264 -4.101796 2.260417
-2.800000 2.077578 3.500000 -0.198639 -4.061627 2.260417
-2.800000 2.063191 3.500000 -0.184278 -4.021128 2.260417
-2.800000 2.048561 3.500000 -0.170181 -3.980308 2.260417
-2.800000 2.033706 3.500000 -0.156354 -3.939177 2.260417
-2.800000 2.018644 3.500000 -0.142799 -3.897746 2.260417
-2.800000 2.003391 3.500000 -0.129518 -3.856023 2.260417
-2.800000 1.987965 3.500000 -0.116515 -3.814020 2.260417
-2.800000 1.972381 3.500000 -0.103792 -3.771746 2.260417
-2.800000 1.956658 3.500000 -0.091352 -3.729211 2.260417
-2.800000 1.940809 3.500000 -0.079195 -3.686425 2.260417
-2.800000 1.924852 3.500000 -0.067326 -3.643400 2.260417
-2.800000 1.908802 3.500000 -0.055746 -3.600145 2.260417
-2.800000 1.892673 3.500000 -0.044456 -3.556670 2.260417
-2.800000 1.876480 3.500000 -0.033459 -3.512986 2.260417
-2.800000 1.860239 3.500000 -0.022755 -3.469103 2.260417
-2.800000 1.843962 3.500000 -0.012348 -3.425032 2.260417
-2.800000 1.827665 3.500000 -0.002237 -3.380784 2.260417
-2.800000 1.811360 3.500000 0.007576 -3.336369 2.260417
-2.800000 1.795062 3.500000 0.017090 -3.291796 2.260417
-2.800000 1.778783 3.500000 0.026304 -3.247079 2.260417
-2.800000 1.762536 3.500000 0.035218 -3.202225 2.260417
-2.800000 1.746334 3.500000 0.043830 -3.157247 2.260417
-2.800000 1.730188 3.500000 0.052140 -3.112156 2.260417
-2.800000 1.714112 3.500000 0.060148 -3.066961 2.260417
-2.800000 1.698116 3.500000 0.067854 -3.021673 2.260417
-2.800000 1.682213 3.500000 0.075257 -2.976303 2.260417
-2.800000 1.666413 3.500000 0.082358 -2.930862 2.260417
-2.799874 1.650602 3.500000 0.089162 -2.885321 2.260417
-2.799434 1.634596 3.500000 0.095671 -2.839683 2.260417
-2.798695 1.618412 3.500000 0.101885 -2.793951 2.260417
-2.797674 1.602067 3.500000 0.107805 -2.748129 2.260417
-2.796387 1.585579 3.500000 0.113431 -2.702220 2.260417
-2.794853 1.568966 3.500000 0.118765 -2.656228 2.260417
-2.793087 1.552243 3.500000 0.123808 -2.610154 2.260417
-2.791104 1.535427 3.500000 0.128560 -2.564003 2.260417
-2.788922 1.518535 3.500000 0.133022 -2.517777 2.260417
-2.786555 1.501582 3.500000 0.137195 -2.471478 2.260417
-2.784019 1.484585 3.500000 0.141080 -2.425109 2.260417
-2.781328 1.467557 3.500000 0.144677 -2.378674 2.260417
-2.778496 1.450514 3.500000 0.147989 -2.332174 2.260417
-2.775538 1.433471 3.500000 0.151014 -2.285611 2.260417
-2.772468 1.416441 3.500000 0.153755 -2.238989 2.260417
-2.769300 1.399438 3.500000 0.156212 -2.192308 2.260417
-2.766046 1.382476 3.500000 0.158385 -2.145572 2.260417
-2.762720 1.365569 3.500000 0.160277 -2.098783 2.260417
-2.759334 1.348728 3.500000 0.161886 -2.051941 2.260417
-2.755900 1.331967 3.500000 0.163216 -2.005050 2.260417
-2.752432 1.315298 3.500000 0.164265 -1.958111 2.260417
-2.748941 1.298733 3.500000 0.165035 -1.911126 2.260417
-2.745437 1.282284 3.500000 0.165527 -1.864097 2.260417
-2.741934 1.265962 3.500000 0.165741 -1.817024 2.260417
-2.738355 1.249380 3.500000 0.165679 -1.769910 2.260417
-2.734784 1.232886 3.500000 0.165340 -1.722756 2.260417
-2.731232 1.216491 3.500000 0.164726 -1.675564 2.260417
-2.727712 1.200208 3.500000 0.163837 -1.628335 2.260417
-2.724233 1.184051 3.500000 0.162674 -1.581069 2.260417
-2.720809 1.168031 3.500000 0.161238 -1.533769 2.260417
-2.717451 1.152162 3.500000 0.159529 -1.486436 2.260417
-2.714170 1.136455 3.500000 0.157548 -1.439070 2.260417
-2.710979 1.120925 3.500000 0.155295 -1.391673 2.260417
-2.707887 1.105583 3.500000 0.152771 -1.344246 2.260417
-2.704908 1.090441 3.500000 0.149977 -1.296789 2.260417
-2.702053 1.075514 3.500000 0.146913 -1.249304 2.260417
-2.699329 1.060811 3.500000 0.143579 -1.201792 2.260417
-2.696644 1.046312 3.500000 0.139977 -1.154252 2.260417
-2.693960 1.031997 3.500000 0.136106 -1.106687 2.260417
-2.691275 1.017854 3.500000 0.131967 -1.059097 2.260417
-2.688591 1.003873 3.500000 0.127560 -1.011482 2.260417
-2.685906 0.990044 3.500000 0.122887 -0.963843 2.260417
-2.683221 0.976356 3.500000 0.117946 -0.916181 2.260417
-2.680537 0.962799 3.500000 0.112739 -0.868497 2.260417
-2.677852 0.949362 3.500000 0.107266 -0.820790 2.260417
-2.675168 0.936034 3.500000 0.101526 -0.773062 2.260417
-2.672483 0.922806 3.500000 0.095522 -0.725312 2.260417
-2.669799 0.909665 3.500000 0.089251 -0.677542 2.260417
-2.667114 0.896603 3.500000 0.082716 -0.629752 2.260417
-2.664430 0.883607 3.500000 0.075916 -0.581942 2.260417
-2.661745 0.870669 3.500000 0.068851 -0.534136 2.260417
-2.659060 0.857777 3.500000 0.061522 -0.486337 2.260417
-2.656376 0.844920 3.500000 0.053929 -0.438549 2.260417
-2.653691 0.832088 3.500000 0.046073 -0.390778 2.260417
-2.651007 0.819271 3.500000 0.037954 -0.343027 2.260417
-2.648322 0.806458 3.500000 0.029574 -0.295301 2.260417
-2.645638 0.793638 3.500000 0.020932 -0.247604 2.260417
-2.642953 0.780801 3.500000 0.012029 -0.199939 2.260417
-2.640268 0.767936 3.500000 0.002866 -0.152312 2.260417
-2.637584 0.755033 3.500000 -0.006556 -0.104727 2.260417
-2.634899 0.742082 3.500000 -0.016236 -0.057187 2.260417
-2.632215 0.729071 3.500000 -0.026174 -0.009697 2.260417
-2.629530 0.715990 3.500000 -0.036368 0.037739 2.260417
-2.626846 0.702828 3.500000 -0.046818 0.085116 2.260417
-2.624161 0.689576 3.500000 -0.057524 0.132430 2.260417
-2.621477 0.676222 3.500000 -0.068483 0.179678 2.260417
-2.618792 0.662755 3.500000 -0.079694 0.226855 2.260417
-2.616107 0.649167 3.500000 -0.091158 0.273957 2.260417
-2.613423 0.635444 3.500000 -0.102872 0.320979 2.260417
-2.610738 0.621579 3.500000 -0.114836 0.367918 2.260417
-2.608054 0.607558 3.500000 -0.127048 0.414770 2.260417
-2.605369 0.593373 3.500000 -0.139508 0.461530 2.260417
-2.602685 0.579013 3.500000 -0.152213 0.508194 2.260417
-2.600000 0.564466 3.500000 -0.165163 0.554758 2.260417
-2.597315 0.549745 3.500000 -0.178356 0.601218 2.260417
-2.594631 0.534874 3.500000 -0.191791 0.647570 2.260417
-2.591946 0.519858 3.500000 -0.205467 0.693810 2.260417
-2.589262 0.504703 3.500000 -0.219382 0.739934 2.260417
-2.586577 0.489417 3.500000 -0.233534 0.785938 2.260417
-2.583893 0.474005 3.500000 -0.247923 0.831817 2.260417
-2.581208 0.458474 3.500000 -0.262546 0.877568 2.260417
-2.578523 0.442830 3.500000 -0.277402 0.923188 2.260417
-2.575839 0.427079 3.500000 -0.292490 0.968671 2.260417
-2.573154 0.411229 3.500000 -0.307807 1.014013 2.260417
-2.570470 0.395284 3.500000 -0.323353 1.059212 2.260417
-2.567785 0.379251 3.500000 -0.339125 1.104263 2.260417
-2.565101 0.363138 3.500000 -0.355121 1.149163 2.260417
-2.562416 0.346949 3.500000 -0.371341 1.193906 2.260417
-2.559732 0.330692 3.500000 -0.387781 1.238490 2.260417
-2.557047 0.314373 3.500000 -0.404441 1.282911 2.260417
-2.554362 0.297997 3.500000 -0.421318 1.327164 2.260417
-2.551678 0.281572 3.500000 -0.438410 1.371246 2.260417
-2.548993 0.265104 3.500000 -0.455716 1.415154 2.260417
-2.546309 0.248599 3.500000 -0.473233 1.458883 2.260417
-2.543624 0.232063 3.500000 -0.490959 1.502430 2.260417
-2.540940 0.215503 3.500000 -0.508893 1.545791 2.260417
-2.538255 0.198925 3.500000 -0.527033 1.588962 2.260417
-2.535570 0.182335 3.500000 -0.545375 1.631940 2.260417
-2.532886 0.165741 3.500000 -0.563919 1.674720 2.260417
-2.530201 0.149147 3.500000 -0.582661 1.717301 2.260417
-2.527517 0.132560 3.500000 -0.601600 1.759677 2.260417
-2.524832 0.115988 3.500000 -0.620733 1.801845 2.260417
-2.522148 0.099435 3.500000 -0.640058 1.843802 2.260417
-2.519463 0.082909 3.500000 -0.659574 1.885544 2.260417
-2.516779 0.066415 3.500000 -0.679276 1.927068 2.260417
-2.514094 0.049961 3.500000 -0.699164 1.968370 2.260417
-2.511409 0.033552 3.500000 -0.719235 2.009446 2.260417
-2.508725 0.017194 3.500000 -0.739486 2.050294 2.260417
-2.506040 0.000895 3.500000 -0.759914 2.090910 2.260417
-2.503356 -0.015340 3.500000 -0.780518 2.131291 2.260417
-2.500671 -0.031505 3.500000 -0.801295 2.171432 2.260417
-2.497987 -0.047614 3.500000 -0.822242 2.211332 2.260417
-2.495302 -0.063722 3.500000 -0.843357 2.250986 2.260417
-2.492617 -0.079829 3.500000 -0.864637 2.290392 2.260417
-2.489933 -0.095937 3.500000 -0.886080 2.329545 2.260417
-2.487248 -0.112044 3.500000 -0.907683 2.368444 2.260417
-2.484564 -0.128151 3.500000 -0.929442 2.407085 2.260417
-2.481879 -0.144259 3.500000 -0.951357 2.445464 2.260417
-2.479195 -0.160366 3.500000 -0.973423 2.483578 2.260417
-2.476510 -0.176474 3.500000 -0.995638 2.521425 2.260417
-2.473826 -0.192581 3.500000 -1.017999 2.559002 2.260417
-2.471141 -0.208688 3.500000 -1.040504 2.596305 2.260417
-2.468456 -0.224796 3.500000 -1.063149 2.633331 2.260417
-2.465772 -0.240903 3.500000 -1.085932 2.670078 2.260417
-2.463087 -0.257010 3.500000 -1.108850 2.706543 2.260417
-2.460403 -0.273118 3.500000 -1.131900 2.742722 2.260417
-2.457718 -0.289225 3.500000 -1.155079 2.778613 2.260417
-2.455034 -0.305333 3.500000 -1.178384 2.814213 2.260417
-2.452349 -0.321440 3.500000 -1.201812 2.849519 2.260417
-2.449664 -0.337547 3.500000 -1.225360 2.884529 2.260417
-2.446980 -0.353655 3.500000 -1.249026 2.919239 2.260417
-2.444295 -0.369762 3.500000 -1.272805 2.953648 2.260417
-2.441611 -0.385869 3.500000 -1.296696 2.987752 2.260417
-2.438926 -0.401977 3.500000 -1.320695 3.021548 2.260417
-2.436242 -0.418084 3.500000 -1.344798 3.055035 2.260417
-2.433557 -0.434192 3.500000 -1.369003 3.088210 2.260417
-2.430872 -0.450299 3.500000 -1.393307 3.121070 2.260417
-2.428188 -0.466406 3.500000 -1.417706 3.153612 2.260417
-2.425503 -0.482514 3.500000 -1.442197 3.185835 2.260417
-2.422819 -0.498621 3.500000 -1.466778 3.217735 2.260417
-2.420134 -0.514729 3.500000 -1.491444 3.249311 2.260417
-2.417450 -0.530836 3.500000 -1.516193 3.280561 2.260417
-2.414765 -0.546943 3.500000 -1.541021 3.311481 2.260417
-2.412081 -0.563051 3.500000 -1.565926 3.342069 2.260417
-2.409396 -0.579158 3.500000 -1.590903 3.372325 2.260417
-2.406711 -0.595265 3.500000 -1.615949 3.402244 2.260417
-2.404027 -0.611373 3.500000 -1.641062 3.431825 2.260417
-2.401342 -0.627480 3.500000 -1.666238 3.461067 2.260417
-2.398664 -0.643588 3.500000 -1.691473 3.489966 2.260417
-2.396025 -0.659695 3.500000 -1.716765 3.518521 2.260417
-2.393429 -0.675802 3.500000 -1.742109 3.546730 2.260417
-2.390871 -0.691910 3.500000 -1.767502 3.574591 2.260417
-2.388347 -0.708017 3.500000 -1.792942 3.602103 2.260417
-2.385854 -0.724125 3.500000 -1.818424 3.629262 2.260417
-2.383388 -0.740232 3.500000 -1.843945 3.656067 2.260417
-2.380945 -0.756339 3.500000 -1.869502 3.682518 2.260417
-2.378521 -0.772447 3.500000 -1.895091 3.708611 2.260417
-2.376112 -0.788554 3.500000 -1.920709 3.734345 2.260417
-2.373714 -0.804661 3.500000 -1.946353 3.759718 2.260417
-2.371324 -0.820769 3.500000 -1.972018 3.784729 2.260417
-2.368937 -0.836876 3.500000 -1.997701 3.809377 2.260417
-2.366550 -0.852984 3.500000 -2.023400 3.833659 2.260417
-2.364159 -0.869091 3.500000 -2.049109 3.857574 2.260417
-2.361759 -0.885198 3.500000 -2.074827 3.881121 2.260417
-2.359348 -0.901306 3.500000 -2.100548 3.904298 2.260417
-2.356921 -0.917413 3.500000 -2.126271 3.927104 2.260417
-2.354474 -0.933520 3.500000 -2.151990 3.949538 2.260417
-2.352004 -0.949628 3.500000 -2.177703 3.971598 2.260417
-2.349506 -0.965735 3.500000 -2.203407 3.993282 2.260417
-2.346977 -0.981843 3.500000 -2.229096 4.014591 2.260417
-2.344413 -0.997950 3.500000 -2.254769 4.035522 2.260417
-2.341810 -1.014057 3.500000 -2.280421 4.056074 2.260417
-2.339164 -1.030165 3.500000 -2.306049 4.076247 2.260417
-2.336471 -1.046272 3.500000 -2.331649 4.096039 2.260417
-2.333728 -1.062380 3.500000 -2.357218 4.115449 2.260417
-2.330930 -1.078487 3.500000 -2.382751 4.134477 2.260417
-2.328073 -1.094594 3.500000 -2.408246 4.153121 2.260417
-2.325155 -1.110702 3.500000 -2.433699 4.171380 2.260417
-2.322170 -1.126809 3.500000 -2.459106 4.189254 2.260417
-2.319116 -1.142916 3.500000 -2.484463 4.206742 2.260417
-2.315987 -1.159024 3.500000 -2.509768 4.223843 2.260417
-2.312781 -1.175131 3.500000 -2.535016 4.240556 2.260417
-2.309493 -1.191239 3.500000 -2.560204 4.256881 2.260417
-2.306120 -1.207346 3.500000 -2.585327 4.272817 2.260417
-2.302658 -1.223453 3.500000 -2.610384 4.288363 2.260417
-2.299101 -1.239563 3.500007 -2.635369 4.303520 2.260417
-2.295422 -1.255727 3.500185 -2.660280 4.318286 2.260417
-2.291612 -1.271963 3.500593 -2.685113 4.332661 2.260417
-2.287674 -1.288262 3.501224 -2.709863 4.346644 2.260417
-2.283612 -1.304619 3.502071 -2.734529 4.360236 2.260417
-2.279429 -1.321028 3.503124 -2.759105 4.373435 2.260417
-2.275127 -1.337483 3.504377 -2.783588 4.386242 2.260417
-2.270710 -1.353977 3.505822 -2.807976 4.398656 2.260417
-2.266181 -1.370503 3.507451 -2.832263 4.410678 2.260417
-2.261543 -1.387055 3.509256 -2.856448 4.422306 2.260417
-2.256800 -1.403628 3.511231 -2.880525 4.433541 2.260417
-2.251953 -1.420215 3.513366 -2.904492 4.444383 2.260417
-2.247007 -1.436808 3.515654 -2.928345 4.454832 2.260417
-2.241964 -1.453403 3.518087 -2.952080 4.464888 2.260417
-2.236827 -1.469993 3.520659 -2.975694 4.474550 2.260417
-2.231601 -1.486571 3.523360 -2.999183 4.483819 2.260417
-2.226286 -1.503131 3.526183 -3.022544 4.492696 2.260417
-2.220888 -1.519667 3.529121 -3.045773 4.501179 2.260417
-2.215408 -1.536172 3.532166 -3.068868 4.509270 2.260417
-2.209851 -1.552640 3.535309 -3.091823 4.516969 2.260417
-2.204218 -1.569065 3.538544 -3.114636 4.524275 2.260417
-2.198514 -1.585440 3.541863 -3.137303 4.531190 2.260417
-2.192741 -1.601760 3.545257 -3.159821 4.537714 2.260417
-2.186902 -1.618017 3.548719 -3.182187 4.543847 2.260417
-2.181001 -1.634206 3.552241 -3.204396 4.549590 2.260417
-2.175040 -1.650319 3.555816 -3.226446 4.554943 2.260417
-2.169023 -1.666352 3.559436 -3.248333 4.559906 2.260417
-2.162953 -1.682296 3.563093 -3.270053 4.564481 2.260417
-2.156832 -1.698147 3.566780 -3.291604 4.568668 2.260417
-2.150664 -1.713898 3.570488 -3.312981 4.572468 2.260417
-2.144453 -1.729542 3.574209 -3.334182 4.575881 2.260417
-2.138200 -1.745073 3.577937 -3.355203 4.578908 2.260417
-2.131910 -1.760485 3.581664 -3.376041 4.581551 2.260417
-2.125585 -1.775771 3.585381 -3.396692 4.583809 2.260417
-2.119228 -1.790926 3.589080 -3.417154 4.585684 2.260417
-2.112843 -1.805942 3.592755 -3.437422 4.587176 2.260417
-2.106433 -1.820813 3.596398 -3.457493 4.588287 2.260417
-2.100000 -1.835534 3.600000 -3.477365 4.589018 2.260417
-2.093472 -1.850151 3.603627 -3.497034 4.589370 2.260417
-2.086777 -1.864717 3.607351 -3.516497 4.589343 2.260417
-2.079924 -1.879229 3.611171 -3.535751 4.588939 2.260417
-2.072919 -1.893686 3.615086 -3.554791 4.588160 2.260417
-2.065768 -1.908088 3.619098 -3.573616 4.587005 2.260417
-2.058480 -1.922433 3.623206 -3.592223 4.585477 2.260417
-2.051060 -1.936720 3.627410 -3.610607 4.583577 2.260417
-2.043516 -1.950948 3.631710 -3.628766 4.581307 2.260417
-2.035855 -1.965115 3.636106 -3.646697 4.578666 2.260417
-2.028083 -1.979221 3.640599 -3.664396 4.575658 2.260417
-2.020208 -1.993265 3.645187 -3.681861 4.572283 2.260417
-2.012237 -2.007244 3.649872 -3.699089 4.568543 2.260417
-2.004176 -2.021159 3.654652 -3.716077 4.564439 2.260417
-1.996033 -2.035007 3.659529 -3.732821 4.559974 2.260417
-1.987815 -2.048788 3.664502 -3.749318 4.555148 2.260417
-1.979528 -2.062500 3.669570 -3.765567 4.549963 2.260417
-1.971180 -2.076143 3.674735 -3.781563 4.544421 2.260417
-1.962777 -2.089714 3.679996 -3.797305 4.538523 2.260417
-1.954326 -2.103214 3.685354 -3.812788 4.532272 2.260417
-1.945835 -2.116640 3.690807 -3.828011 4.525669 2.260417
-1.937310 -2.129992 3.696356 -3.842970 4.518716 2.260417
-1.928758 -2.143269 3.702001 -3.857663 4.511414 2.260417
-1.920187 -2.156469 3.707743 -3.872086 4.503766 2.260417
-1.911603 -2.169590 3.713580 -3.886238 4.495774 2.260417
-1.903013 -2.182633 3.719514 -3.900116 4.487440 2.260417
-1.894424 -2.195595 3.725544 -3.913716 4.478764 2.260417
-1.885843 -2.208476 3.731670 -3.927036 4.469751 2.260417
-1.877278 -2.221275 3.737892 -3.940074 4.460401 2.260417
-1.868734 -2.233989 3.744210 -3.952827 4.450717 2.260417
-1.860220 -2.246619 3.750624 -3.965292 4.440700 2.260417
-1.851741 -2.259162 3.757134 -3.977467 4.430354 2.260417
-1.843306 -2.271618 3.763740 -3.989349 4.419680 2.260417
-1.834920 -2.283986 3.770443 -4.000936 4.408680 2.260417
-1.826591 -2.296264 3.777241 -4.012225 4.397357 2.260417
-1.818326 -2.308451 3.784136 -4.023214 4.385713 2.260417
-1.810132 -2.320546 3.791127 -4.033901 4.373751 2.260417
-1.802016 -2.332548 3.798213 -4.044283 4.361472 2.260417
-1.793977 -2.344457 3.805458 -4.054358 4.348879 2.260417
-1.785996 -2.356278 3.813009 -4.064124 4.335975 2.260417
-1.778069 -2.368013 3.820862 -4.073577 4.322761 2.260417
-1.770189 -2.379664 3.829007 -4.082717 4.309242 2.260417
-1.762353 -2.391233 3.837434 -4.091541 4.295418 2.260417
-1.754555 -2.402722 3.846131 -4.100046 4.281292 2.260417
-1.746790 -2.414133 3.855090 -4.108231 4.266868 2.260417
-1.739053 -2.425469 3.864300 -4.116094 4.252147 2.260417
-1.731339 -2.436731 3.873749 -4.123631 4.237133 2.260417
-1.723644 -2.447921 3.883429 -4.130842 4.221828 2.260417
-1.715962 -2.459042 3.893329 -4.137725 4.206234 2.260417
-1.708288 -2.470095 3.903438 -4.144277 4.190355 2.260417
-1.700618 -2.481082 3.913746 -4.150496 4.174193 2.260417
-1.692946 -2.492007 3.924242 -4.156381 4.157751 2.260417
-1.685267 -2.502870 3.934917 -4.161929 4.141031 2.260417
-1.677577 -2.513673 3.945761 -4.167139 4.124037 2.260417
-1.669870 -2.524420 3.956762 -4.172010 4.106772 2.260417
-1.662141 -2.535111 3.967910 -4.176538 4.089237 2.260417
-1.654386 -2.545750 3.979196 -4.180724 4.071437 2.260417
-1.646600 -2.556337 3.990608 -4.184564 4.053374 2.260417
-1.638777 -2.566876 4.002137 -4.188057 4.035051 2.260417
-1.630912 -2.577367 4.013772 -4.191202 4.016471 2.260417
-1.623001 -2.587814 4.025503 -4.193997 3.997637 2.260417
-1.615039 -2.598218 4.037320 -4.196440 3.978552 2.260417
-1.607020 -2.608582 4.049212 -4.198531 3.959219 2.260417
-1.598940 -2.618906 4.061168 -4.200267 3.939641 2.260417
-1.590794 -2.629195 4.073180 -4.201647 3.919822 2.260417
-1.582576 -2.639448 4.085235 -4.202670 3.899764 2.260417
-1.574282 -2.649670 4.097325 -4.203334 3.879470 2.260417
-1.565907 -2.659861 4.109438 -4.203638 3.858944 2.260417
-1.557445 -2.670023 4.121565 -4.203581 3.838189 2.260417
-1.548893 -2.680160 4.133695 -4.203162 3.817208 2.260417
-1.540244 -2.690272 4.145817 -4.202379 3.796004 2.260417
-1.531494 -2.700362 4.157921 -4.201231 3.774581 2.260417
-1.522637 -2.710433 4.169998 -4.199717 3.752941 2.260417
-1.513670 -2.720485 4.182037 -4.197836 3.731088 2.260417
-1.504587 -2.730521 4.194027 -4.195588 3.709026 2.260417
-1.495377 -2.740547 4.205986 -4.192970 3.686757 2.260417
-1.486012 -2.750584 4.218074 -4.189982 3.664286 2.260417
-1.476492 -2.760632 4.230312 -4.186623 3.641614 2.260417
-1.466824 -2.770686 4.242695 -4.182892 3.618746 2.260417
-1.457014 -2.780743 4.255215 -4.178789 3.595685 2.260417
-1.447069 -2.790799 4.267866 -4.174313 3.572435 2.260417
-1.436996 -2.800849 4.280642 -4.169462 3.548999 2.260417
-1.426802 -2.810889 4.293536 -4.164236 3.525379 2.260417
-1.416492 -2.820916 4.306542 -4.158635 3.501581 2.260417
-1.406074 -2.830925 4.319654 -4.152657 3.477607 2.260417
-1.395555 -2.840912 4.332864 -4.146303 3.453460 2.260417
-1.384940 -2.850873 4.346166 -4.139571 3.429144 2.260417
-1.374237 -2.860805 4.359555 -4.132462 3.404663 2.260417
-1.363452 -2.870702 4.373023 -4.124974 3.380020 2.260417
-1.352592 -2.880562 4.386564 -4.117107 3.355219 2.260417
-1.341664 -2.890379 4.400172 -4.108861 3.330263 2.260417
-1.330673 -2.900150 4.413840 -4.100236 3.305156 2.260417
-1.319627 -2.909871 4.427562 -4.091231 3.279901 2.260417
-1.308533 -2.919538 4.441331 -4.081846 3.254501 2.260417
-1.297396 -2.929146 4.455141 -4.072080 3.228961 2.260417
-1.286224 -2.938692 4.468986 -4.061935 3.203284 2.260417
-1.275024 -2.948172 4.482858 -4.051408 3.177474 2.260417
-1.263801 -2.957581 4.496752 -4.040501 3.151534 2.260417
-1.252563 -2.966915 4.510661 -4.029213 3.125467 2.260417
-1.241316 -2.976171 4.524578 -4.017544 3.099278 2.260417
-1.230067 -2.985344 4.538498 -4.005495 3.072970 2.260417
-1.218822 -2.994430 4.552413 -3.993065 3.046547 2.260417
-1.207588 -3.003425 4.566318 -3.980254 3.020012 2.260417
-1.196372 -3.012325 4.580205 -3.967064 2.993369 2.260417
-1.185180 -3.021127 4.594069 -3.953493 2.966621 2.260417
-1.174020 -3.029825 4.607902 -3.939542 2.939773 2.260417
-1.162896 -3.038416 4.621699 -3.925211 2.912827 2.260417
-1.151817 -3.046896 4.635453 -3.910501 2.885788 2.260417
-1.140789 -3.055261 4.649158 -3.895412 2.858659 2.260417
-1.129819 -3.063507 4.662807 -3.879945 2.831444 2.260417
-1.118912 -3.071629 4.676393 -3.864100 2.804147 2.260417
-1.108076 -3.079624 4.689911 -3.847877 2.776771 2.260417
-1.097315 -3.087492 4.703361 -3.831277 2.749319 2.260417
-1.086577 -3.095346 4.716915 -3.814301 2.721797 2.260417
-1.075839 -3.103224 4.730630 -3.796949 2.694206 2.260417
-1.065101 -3.111119 4.744493 -3.779221 2.666552 2.260417
-1.054362 -3.119024 4.758489 -3.761120 2.638836 2.260417
-1.043624 -3.126931 4.772603 -3.742645 2.611065 2.260417
-1.032886 -3.134832 4.786821 -3.723796 2.583240 2.260417
-1.022148 -3.142720 4.801129 -3.704576 2.555366 2.260417
-1.011409 -3.150588 4.815512 -3.684985 2.527446 2.260417
-1.000671 -3.158427 4.829955 -3.665023 2.499484 2.260417
-0.989933 -3.166230 4.844444 -3.644692 2.471483 2.260417
-0.979195 -3.173989 4.858965 -3.623993 2.443448 2.260417
-0.968456 -3.181697 4.873502 -3.602927 2.415382 2.260417
-0.957718 -3.189347 4.888042 -3.581495 2.387288 2.260417
-0.946980 -3.196930 4.902570 -3.559697 2.359171 2.260417
-0.936242 -3.204439 4.917072 -3.537536 2.331034 2.260417
-0.925503 -3.211866 4.931532 -3.515012 2.302880 2.260417
-0.914765 -3.219205 4.945936 -3.492127 2.274713 2.260417
-0.904027 -3.226446 4.960271 -3.468882 2.246537 2.260417
-0.893289 -3.233583 4.974520 -3.445278 2.218356 2.260417
-0.882550 -3.240608 4.988671 -3.421316 2.190172 2.260417
-0.871812 -3.247514 5.002708 -3.396999 2.161990 2.260417
-0.861074 -3.254292 5.016617 -3.372327 2.133814 2.260417
-0.850336 -3.260935 5.030383 -3.347302 2.105646 2.260417
-0.839597 -3.267436 5.043992 -3.321926 2.077491 2.260417
-0.828859 -3.273788 5.057429 -3.296200 2.049352 2.260417
-0.818121 -3.279981 5.070680 -3.270126 2.021232 2.260417
-0.807383 -3.286009 5.083730 -3.243705 1.993136 2.260417
-0.796644 -3.291865 5.096565 -3.216939 1.965066 2.260417
-0.785906 -3.297540 5.109170 -3.189831 1.937027 2.260417
-0.775168 -3.303027 5.121531 -3.162380 1.909021 2.260417
-0.764430 -3.308318 5.133633 -3.134591 1.881052 2.260417
-0.753691 -3.313407 5.145462 -3.106463 1.853124 2.260417
-0.742953 -3.318284 5.157004 -3.078000 1.825241 2.260417
-0.732215 -3.322943 5.168242 -3.049203 1.797405 2.260417
-0.721477 -3.327376 5.179164 -3.020074 1.769620 2.260417
-0.710738 -3.331576 5.189755 -2.990615 1.741890 2.260417
-0.700000 -3.335534 5.200000 -2.960829 1.714218 2.260417
-0.689222 -3.339308 5.209962 -2.930717 1.686607 2.260417
-0.678368 -3.342964 5.219719 -2.900281 1.659062 2.260417
-0.667444 -3.346506 5.229280 -2.869523 1.631584 2.260417
-0.656459 -3.349939 5.238653 -2.838447 1.604178 2.260417
-0.645417 -3.353269 5.247846 -2.807053 1.576847 2.260417
-0.634327 -3.356500 5.256869 -2.775345 1.549595 2.260417
-0.623193 -3.359637 5.265729 -2.743324 1.522424 2.260417
-0.612024 -3.362686 5.274435 -2.710994 1.495338 2.260417
-0.600826 -3.365651 5.282996 -2.678355 1.468340 2.260417
-0.589605 -3.368537 5.291419 -2.645412 1.441433 2.260417
-0.578368 -3.371349 5.299714 -2.612165 1.414622 2.260417
-0.567121 -3.374092 5.307889 -2.578619 1.387908 2.260417
-0.555872 -3.376772 5.315953 -2.544774 1.361295 2.260417
-0.544626 -3.379393 5.323913 -2.510635 1.334787 2.260417
-0.533391 -3.381960 5.331778 -2.476202 1.308386 2.260417
-0.522174 -3.384478 5.339557 -2.441480 1.282096 2.260417
-0.510980 -3.386952 5.347259 -2.406471 1.255920 2.260417
-0.499816 -3.389387 5.354891 -2.371177 1.229861 2.260417
-0.488689 -3.391788 5.362462 -2.335601 1.203922 2.260417
-0.477607 -3.394160 5.369982 -2.299746 1.178105 2.260417
-0.466574 -3.396508 5.377457 -2.263614 1.152415 2.260417
-0.455598 -3.398837 5.384896 -2.227209 1.126854 2.260417
-0.444686 -3.401151 5.392309 -2.190534 1.101425 2.260417
-0.433844 -3.403457 5.399704 -2.153591 1.076131 2.260417
-0.423079 -3.405759 5.407088 -2.116383 1.050975 2.260417
-0.412398 -3.408061 5.414471 -2.078913 1.025960 2.260417
-0.401806 -3.410369 5.421861 -2.041202 1.001097 2.260417
-0.391311 -3.412688 5.429266 -2.003270 0.976397 2.260417
-0.380920 -3.415023 5.436695 -1.965138 0.951871 2.260417
-0.370639 -3.417378 5.444156 -1.926827 0.927529 2.260417
-0.360474 -3.419759 5.451658 -1.888359 0.903380 2.260417
-0.350432 -3.422171 5.459210 -1.849755 0.879435 2.260417
-0.340521 -3.424619 5.466819 -1.811036 0.855704 2.260417
-0.330746 -3.427107 5.474495 -1.772224 0.832195 2.260417
-0.321114 -3.429641 5.482245 -1.733342 0.808917 2.260417
-0.311632 -3.432225 5.490078 -1.694411 0.785880 2.260417
-0.302306 -3.434865 5.498003 -1.655454 0.763091 2.260417
-0.293111 -3.437547 5.505998 -1.616492 0.740559 2.260417
-0.283972 -3.440232 5.513994 -1.577549 0.718292 2.260417
-0.274886 -3.442916 5.521986 -1.538646 0.696296 2.260417
-0.265853 -3.445601 5.529976 -1.499807 0.674581 2.260417
-0.256876 -3.448286 5.537963 -1.461055 0.653153 2.260417
-0.247953 -3.450970 5.545946 -1.422411 0.632018 2.260417
-0.239087 -3.453655 5.553927 -1.383899 0.611184 2.260417
-0.230278 -3.456339 5.561905 -1.345542 0.590657 2.260417
-0.221526 -3.459024 5.569881 -1.307363 0.570443 2.260417
-0.212834 -3.461708 5.577853 -1.269384 0.550549 2.260417
-0.204201 -3.464393 5.585822 -1.231630 0.530979 2.260417
-0.195628 -3.467078 5.593789 -1.194122 0.511740 2.260417
-0.187117 -3.469762 5.601752 -1.156885 0.492836 2.260417
-0.178836 -3.472393 5.609554 -1.120400 0.474440 2.260417
-0.170782 -3.474970 5.617193 -1.084674 0.456550 2.260417
-0.162954 -3.477494 5.624671 -1.049711 0.439161 2.260417
-0.155347 -3.479963 5.631987 -1.015517 0.422271 2.260417
-0.147958 -3.482380 5.639142 -0.982097 0.405877 2.260417
-0.140786 -3.484742 5.646136 -0.949456 0.389976 2.260417
-0.133826 -3.487051 5.652968 -0.917598 0.374564 2.260417
-0.127077 -3.489306 5.659640 -0.886529 0.359639 2.260417
-0.120534 -3.491507 5.666150 -0.856253 0.345197 2.260417
-0.114195 -3.493655 5.672500 -0.826776 0.331234 2.260417
-0.108058 -3.495749 5.678690 -0.798101 0.317748 2.260417
-0.102119 -3.497789 5.684719 -0.770235 0.304734 2.260417
-0.096376 -3.499776 5.690587 -0.743180 0.292190 2.260417
-0.090825 -3.501708 5.696296 -0.716942 0.280112 2.260417
-0.085465 -3.503588 5.701845 -0.691525 0.268495 2.260417
-0.080291 -3.505413 5.707233 -0.666933 0.257337 2.260417
-0.075302 -3.507185 5.712462 -0.643172 0.246634 2.260417
-0.070495 -3.508903 5.717531 -0.620244 0.236382 2.260417
-0.065867 -3.510567 5.722441 -0.598154 0.226577 2.260417
-0.061415 -3.512178 5.727191 -0.576907 0.217215 2.260417
-0.057138 -3.513735 5.731782 -0.556505 0.208292 2.260417
-0.053032 -3.515239 5.736214 -0.536954 0.199805 2.260417
-0.049096 -3.516688 5.740486 -0.518257 0.191749 2.260417
-0.045326 -3.518084 5.744600 -0.500418 0.184121 2.260417
